3 0.03942307692307692 0.5144230769230769 0.032692307692307694 0.03461538461538462
3 0.03365384615384615 0.2586538461538462 0.026923076923076925 0.03076923076923077
3 0.07403846153846154 0.35096153846153844 0.038461538461538464 0.028846153846153848
3 0.08365384615384615 0.37884615384615383 0.021153846153846155 0.04038461538461539
3 0.06826923076923076 0.2951923076923077 0.023076923076923078 0.032692307692307694
3 0.10480769230769231 0.3605769230769231 0.046153846153846156 0.038461538461538464
3 0.08461538461538462 0.2721153846153846 0.01730769230769231 0.019230769230769232
3 0.2798076923076923 0.4153846153846154 0.04423076923076923 0.03653846153846154
3 0.25 0.225 0.04807692307692308 0.04038461538461539
3 0.2721153846153846 0.3230769230769231 0.038461538461538464 0.051923076923076926
3 0.29903846153846153 0.3105769230769231 0.038461538461538464 0.03461538461538462
3 0.3038461538461538 0.3375 0.028846153846153848 0.03461538461538462
3 0.30480769230769234 0.22403846153846155 0.032692307692307694 0.04038461538461539
3 0.35096153846153844 0.4076923076923077 0.06153846153846154 0.07115384615384615
3 0.33942307692307694 0.2173076923076923 0.03461538461538462 0.04230769230769231
3 0.42403846153846153 0.3269230769230769 0.04230769230769231 0.03653846153846154
3 0.47884615384615387 0.34615384615384615 0.04038461538461539 0.04038461538461539
3 0.49903846153846154 0.2846153846153846 0.03076923076923077 0.032692307692307694
3 0.5923076923076923 0.6923076923076923 0.032692307692307694 0.032692307692307694