3 0.03942307692307692 0.4826923076923077 0.03076923076923077 0.032692307692307694
3 0.051923076923076926 0.22692307692307692 0.025 0.028846153846153848
3 0.08557692307692308 0.3211538461538462 0.038461538461538464 0.026923076923076925
3 0.09230769230769231 0.35 0.019230769230769232 0.038461538461538464
3 0.08365384615384615 0.2653846153846154 0.021153846153846155 0.032692307692307694
3 0.11538461538461539 0.33365384615384613 0.04423076923076923 0.03653846153846154
3 0.10192307692307692 0.24423076923076922 0.01730769230769231 0.019230769230769232
3 0.2865384615384615 0.4009615384615385 0.04230769230769231 0.03461538461538462
3 0.2701923076923077 0.2076923076923077 0.046153846153846156 0.03653846153846154
3 0.2846153846153846 0.3076923076923077 0.03653846153846154 0.051923076923076926
3 0.3125 0.2971153846153846 0.038461538461538464 0.032692307692307694
3 0.3153846153846154 0.32403846153846155 0.026923076923076925 0.032692307692307694
3 0.325 0.21057692307692308 0.03076923076923077 0.038461538461538464
3 0.3576923076923077 0.39807692307692305 0.057692307692307696 0.0673076923076923
3 0.3596153846153846 0.2076923076923077 0.03076923076923077 0.04038461538461539
3 0.4355769230769231 0.32211538461538464 0.04038461538461539 0.03461538461538462
3 0.4894230769230769 0.3451923076923077 0.038461538461538464 0.038461538461538464
3 0.5144230769230769 0.2846153846153846 0.028846153846153848 0.03076923076923077
3 0.5788461538461539 0.6990384615384615 0.03076923076923077 0.03076923076923077