0 0.7 0.6538461538461539 0.16346153846153846 0.12884615384615383
0 0.6942307692307692 0.7692307692307693 0.16153846153846155 0.18461538461538463
0 0.5817307692307693 0.8192307692307692 0.19230769230769232 0.19038461538461537
0 0.6278846153846154 0.25769230769230766 0.175 0.17884615384615385
0 0.5298076923076923 0.11923076923076924 0.175 0.18461538461538463
0 0.47307692307692306 0.7096153846153846 0.16538461538461538 0.15
0 0.47307692307692306 0.25961538461538464 0.18653846153846154 0.1423076923076923
0 0.4980769230769231 0.19230769230769232 0.12884615384615383 0.04230769230769231
0 0.46634615384615385 0.6086538461538461 0.11538461538461539 0.13076923076923078
0 0.3576923076923077 0.8346153846153846 0.19230769230769232 0.20961538461538462
0 0.19807692307692307 0.7153846153846154 0.16923076923076924 0.16923076923076924