0 0.28942307692307695 0.6394230769230769 0.15576923076923077 0.11730769230769231
0 0.2875 0.7548076923076923 0.15 0.175
0 0.39615384615384613 0.8125 0.1798076923076923 0.1778846153846154
0 0.3894230769230769 0.24903846153846154 0.16442307692307692 0.1673076923076923
0 0.4971153846153846 0.11826923076923077 0.1625 0.17307692307692307
0 0.5125 0.7105769230769231 0.15576923076923077 0.13942307692307693
0 0.5432692307692307 0.2625 0.17692307692307693 0.13076923076923078
0 0.5230769230769231 0.19326923076923078 0.12692307692307692 0.032692307692307694
0 0.5259615384615385 0.6105769230769231 0.1076923076923077 0.12307692307692308
0 0.6182692307692308 0.8432692307692308 0.1798076923076923 0.19807692307692307
0 0.7865384615384615 0.7355769230769231 0.1576923076923077 0.1576923076923077