0 0.6798076923076923 0.676923076923077 0.175 0.14423076923076922
0 0.6596153846153846 0.7903846153846154 0.18076923076923077 0.2
0 0.5423076923076923 0.8269230769230769 0.20961538461538462 0.20961538461538462
0 0.6567307692307692 0.275 0.19423076923076923 0.19615384615384615
0 0.5759615384615384 0.12596153846153846 0.19230769230769232 0.2
0 0.44711538461538464 0.7038461538461539 0.17884615384615385 0.1673076923076923
0 0.5028846153846154 0.2586538461538462 0.19807692307692307 0.16153846153846155
0 0.5355769230769231 0.19423076923076923 0.13076923076923078 0.05576923076923077
0 0.45384615384615384 0.6038461538461538 0.12884615384615383 0.1423076923076923
0 0.31826923076923075 0.8144230769230769 0.21346153846153845 0.22884615384615384
0 0.17403846153846153 0.676923076923077 0.18461538461538463 0.18461538461538463