3 0.06442307692307692 0.24423076923076922 0.12884615384615383 0.4346153846153846
3 0.15384615384615385 0.7326923076923076 0.3076923076923077 0.5346153846153846
3 0.2980769230769231 0.3153846153846154 0.3721153846153846 0.475
3 0.2721153846153846 0.05576923076923077 0.28942307692307695 0.11057692307692307
3 0.3644230769230769 0.9115384615384615 0.32019230769230766 0.175
3 0.4951923076923077 0.6798076923076923 0.2644230769230769 0.4625
3 0.5461538461538461 0.23365384615384616 0.2875 0.4423076923076923
3 0.698076923076923 0.10961538461538461 0.275 0.21923076923076923
3 0.7615384615384615 0.8365384615384616 0.3403846153846154 0.325
3 0.7326923076923076 0.5096153846153846 0.2375 0.3557692307692308
3 0.8826923076923077 0.2701923076923077 0.2326923076923077 0.3125
3 0.9096153846153846 0.6240384615384615 0.1798076923076923 0.4269230769230769