4 0.027884615384615386 0.8134615384615385 0.05576923076923077 0.07211538461538461
4 0.11538461538461539 0.7230769230769231 0.23076923076923078 0.15
4 0.12211538461538461 0.9086538461538461 0.24423076923076922 0.18076923076923077
4 0.18269230769230768 0.23076923076923078 0.2923076923076923 0.125
4 0.28076923076923077 0.8317307692307693 0.3125 0.175
4 0.27692307692307694 0.13557692307692307 0.2826923076923077 0.14423076923076922
4 0.28365384615384615 0.9673076923076923 0.2692307692307692 0.06442307692307692
4 0.3298076923076923 0.3326923076923077 0.2778846153846154 0.12307692307692308
4 0.49038461538461536 0.9278846153846154 0.3144230769230769 0.14038461538461539
4 0.4875 0.24423076923076922 0.2951923076923077 0.14423076923076922
4 0.5240384615384616 0.09711538461538462 0.275 0.12788461538461537
4 0.6182692307692308 0.34326923076923077 0.28557692307692306 0.11923076923076924
4 0.7557692307692307 0.14711538461538462 0.2798076923076923 0.14038461538461539
4 0.8028846153846154 0.25384615384615383 0.2971153846153846 0.14423076923076922