2 0.6278846153846154 0.8980769230769231 0.046153846153846156 0.09230769230769231
2 0.6375 0.7942307692307692 0.028846153846153848 0.025
2 0.6317307692307692 0.6528846153846154 0.051923076923076926 0.05384615384615385
2 0.46057692307692305 0.6884615384615385 0.032692307692307694 0.023076923076923078
2 0.47596153846153844 0.5807692307692308 0.032692307692307694 0.03653846153846154
2 0.43365384615384617 0.6269230769230769 0.057692307692307696 0.0673076923076923
2 0.3663461538461538 0.5913461538461539 0.05961538461538462 0.08461538461538462
2 0.27403846153846156 0.675 0.07884615384615384 0.13653846153846153
2 0.2548076923076923 0.4932692307692308 0.04230769230769231 0.057692307692307696
2 0.21153846153846154 0.5509615384615385 0.075 0.10961538461538461
2 0.0875 0.6605769230769231 0.07692307692307693 0.11923076923076924
2 0.016346153846153847 0.6423076923076924 0.032692307692307694 0.06538461538461539
2 0.0038461538461538464 0.5480769230769231 0.007692307692307693 0.05