2 0.31153846153846154 0.8730769230769231 0.032692307692307694 0.0875
2 0.31826923076923075 0.7692307692307693 0.025 0.022115384615384617
2 0.34615384615384615 0.6307692307692307 0.04423076923076923 0.047115384615384615
2 0.5096153846153846 0.6923076923076923 0.02980769230769231 0.019230769230769232
2 0.5115384615384615 0.5836538461538462 0.027884615384615386 0.032692307692307694
2 0.5461538461538461 0.635576923076923 0.04807692307692308 0.05961538461538462
2 0.6173076923076923 0.6115384615384616 0.04807692307692308 0.07788461538461539
2 0.6961538461538461 0.7086538461538462 0.05961538461538462 0.12788461538461537
2 0.7432692307692308 0.5317307692307692 0.035576923076923075 0.051923076923076926
2 0.7769230769230769 0.5951923076923077 0.05961538461538462 0.10192307692307692
2 0.8826923076923077 0.7230769230769231 0.06057692307692308 0.11057692307692307
2 0.9644230769230769 0.7182692307692308 0.04230769230769231 0.05961538461538462
2 0.9903846153846154 0.6269230769230769 0.01730769230769231 0.047115384615384615