2 0.2173076923076923 0.36923076923076925 0.019230769230769232 0.01730769230769231
2 0.2173076923076923 0.3855769230769231 0.015384615384615385 0.025
2 0.23846153846153847 0.38076923076923075 0.019230769230769232 0.025
2 0.2701923076923077 0.5673076923076923 0.01730769230769231 0.021153846153846155
2 0.28557692307692306 0.5538461538461539 0.009615384615384616 0.01730769230769231
2 0.2980769230769231 0.5596153846153846 0.015384615384615385 0.021153846153846155
2 0.5442307692307692 0.38461538461538464 0.04423076923076923 0.07115384615384615
2 0.6394230769230769 0.46057692307692305 0.18461538461538463 0.24615384615384617
2 0.6826923076923077 0.7173076923076923 0.015384615384615385 0.021153846153846155
2 0.7134615384615385 0.6663461538461538 0.011538461538461539 0.021153846153846155
2 0.7192307692307692 0.7019230769230769 0.019230769230769232 0.019230769230769232
2 0.7134615384615385 0.7903846153846154 0.01730769230769231 0.023076923076923078
2 0.7269230769230769 0.7663461538461539 0.023076923076923078 0.026923076923076925