2 0.19903846153846153 0.4201923076923077 0.01730769230769231 0.015384615384615385
2 0.20192307692307693 0.43653846153846154 0.0125 0.023076923076923078
2 0.2221153846153846 0.42788461538461536 0.015384615384615385 0.022115384615384617
2 0.28557692307692306 0.6057692307692307 0.014423076923076924 0.019230769230769232
2 0.2980769230769231 0.5903846153846154 0.007692307692307693 0.015384615384615385
2 0.31153846153846154 0.5942307692307692 0.0125 0.020192307692307693
2 0.5230769230769231 0.37884615384615383 0.032692307692307694 0.0673076923076923
2 0.6307692307692307 0.43653846153846154 0.14807692307692308 0.2230769230769231
2 0.7173076923076923 0.6826923076923077 0.0125 0.020192307692307693
2 0.739423076923077 0.6269230769230769 0.007692307692307693 0.019230769230769232
2 0.7509615384615385 0.6605769230769231 0.01730769230769231 0.01730769230769231
2 0.760576923076923 0.7490384615384615 0.014423076923076924 0.020192307692307693
2 0.7701923076923077 0.7230769230769231 0.020192307692307693 0.023076923076923078