5 0.11923076923076924 0.8134615384615385 0.07692307692307693 0.13846153846153847
5 0.28557692307692306 0.6480769230769231 0.09615384615384616 0.10384615384615385
5 0.35384615384615387 0.8990384615384616 0.1576923076923077 0.19038461538461537
5 0.4076923076923077 0.5644230769230769 0.075 0.08076923076923077
5 0.4461538461538462 0.5163461538461539 0.06153846153846154 0.0673076923076923
5 0.46153846153846156 0.7432692307692308 0.10576923076923077 0.14038461538461539
5 0.5298076923076923 0.4625 0.051923076923076926 0.05384615384615385
5 0.5298076923076923 0.6663461538461538 0.06923076923076923 0.08846153846153847
5 0.5663461538461538 0.5942307692307692 0.07307692307692308 0.07307692307692308
5 0.573076923076923 0.42980769230769234 0.03653846153846154 0.03653846153846154
5 0.5942307692307692 0.40576923076923077 0.03653846153846154 0.038461538461538464
5 0.6038461538461538 0.5451923076923076 0.04807692307692308 0.06923076923076923
5 0.6259615384615385 0.4826923076923077 0.038461538461538464 0.05576923076923077
5 0.6451923076923077 0.4028846153846154 0.05384615384615385 0.03461538461538462
5 0.6451923076923077 0.44326923076923075 0.038461538461538464 0.04423076923076923
5 0.6778846153846154 0.42115384615384616 0.032692307692307694 0.046153846153846156