2 0.2644230769230769 0.8144230769230769 0.5288461538461539 0.05576923076923077
2 0.07403846153846154 0.7711538461538462 0.03942307692307692 0.06442307692307692
2 0.1125 0.760576923076923 0.026923076923076925 0.05576923076923077
2 0.12788461538461537 0.8067307692307693 0.026923076923076925 0.04230769230769231
2 0.18076923076923077 0.760576923076923 0.05961538461538462 0.075
2 0.2644230769230769 0.7019230769230769 0.057692307692307696 0.09230769230769231
2 0.30288461538461536 0.7548076923076923 0.020192307692307693 0.04038461538461539
2 0.3346153846153846 0.7778846153846154 0.015384615384615385 0.022115384615384617
2 0.34423076923076923 0.7403846153846154 0.026923076923076925 0.03461538461538462
2 0.3894230769230769 0.7048076923076924 0.05961538461538462 0.08269230769230769
2 0.40192307692307694 0.775 0.03076923076923077 0.035576923076923075
2 0.43846153846153846 0.7826923076923077 0.026923076923076925 0.03942307692307692
2 0.4798076923076923 0.7730769230769231 0.020192307692307693 0.02980769230769231
2 0.49423076923076925 0.801923076923077 0.020192307692307693 0.0375
2 0.7615384615384615 0.7884615384615384 0.41442307692307695 0.05961538461538462
2 0.6721153846153847 0.760576923076923 0.03076923076923077 0.057692307692307696
2 0.7115384615384616 0.7673076923076924 0.019230769230769232 0.04423076923076923
2 0.7432692307692308 0.7682692307692308 0.015384615384615385 0.023076923076923078
2 0.7567307692307692 0.7298076923076923 0.04230769230769231 0.052884615384615384
2 0.7990384615384616 0.7528846153846154 0.020192307692307693 0.04423076923076923
2 0.864423076923077 0.7615384615384615 0.023076923076923078 0.03076923076923077
2 0.9826923076923076 0.7682692307692308 0.032692307692307694 0.023076923076923078