2 0.7240384615384615 0.8221153846153846 0.5307692307692308 0.075
2 0.9163461538461538 0.7855769230769231 0.04230769230769231 0.06538461538461539
2 0.8778846153846154 0.7740384615384616 0.028846153846153848 0.05576923076923077
2 0.8615384615384616 0.8192307692307692 0.028846153846153848 0.04230769230769231
2 0.8096153846153846 0.7711538461538462 0.06153846153846154 0.07692307692307693
2 0.7288461538461538 0.7096153846153846 0.06153846153846154 0.09423076923076923
2 0.6884615384615385 0.7615384615384615 0.021153846153846155 0.04038461538461539
2 0.6557692307692308 0.7836538461538461 0.015384615384615385 0.023076923076923078
2 0.6471153846153846 0.7461538461538462 0.028846153846153848 0.03461538461538462
2 0.6028846153846154 0.7086538461538462 0.06153846153846154 0.08461538461538462
2 0.5884615384615385 0.7778846153846154 0.032692307692307694 0.03653846153846154
2 0.551923076923077 0.7846153846153846 0.028846153846153848 0.04038461538461539
2 0.510576923076923 0.7740384615384616 0.021153846153846155 0.03076923076923077
2 0.4951923076923077 0.801923076923077 0.021153846153846155 0.038461538461538464
2 0.22884615384615384 0.7788461538461539 0.4153846153846154 0.075
2 0.3192307692307692 0.7548076923076923 0.032692307692307694 0.05961538461538462
2 0.27884615384615385 0.7596153846153846 0.021153846153846155 0.04423076923076923
2 0.24711538461538463 0.7596153846153846 0.015384615384615385 0.023076923076923078
2 0.23557692307692307 0.7211538461538461 0.04423076923076923 0.05384615384615385
2 0.19230769230769232 0.7423076923076923 0.021153846153846155 0.04423076923076923
2 0.12692307692307692 0.7490384615384615 0.025 0.03076923076923077
2 0.0125 0.7509615384615385 0.025 0.025