2 0.6461538461538462 0.864423076923077 0.525 0.19038461538461537
2 0.8413461538461539 0.8721153846153846 0.05384615384615385 0.07307692307692308
2 0.8067307692307693 0.8519230769230769 0.04038461538461539 0.06153846153846154
2 0.7798076923076923 0.8923076923076924 0.03653846153846154 0.04807692307692308
2 0.7413461538461539 0.8346153846153846 0.07692307692307693 0.08846153846153847
2 0.675 0.7557692307692307 0.07884615384615384 0.10384615384615385
2 0.6240384615384615 0.7971153846153847 0.03076923076923077 0.04423076923076923
2 0.5875 0.8115384615384615 0.021153846153846155 0.025
2 0.5884615384615385 0.7721153846153846 0.03461538461538462 0.04038461538461539
2 0.5538461538461539 0.7269230769230769 0.07884615384615384 0.09615384615384616
2 0.5240384615384616 0.7913461538461538 0.038461538461538464 0.04230769230769231
2 0.48653846153846153 0.7894230769230769 0.03653846153846154 0.04423076923076923
2 0.44903846153846155 0.7692307692307693 0.026923076923076925 0.03461538461538462
2 0.42788461538461536 0.7932692307692307 0.028846153846153848 0.04230769230769231
2 0.19038461538461537 0.7096153846153846 0.38076923076923075 0.16538461538461538
2 0.26634615384615384 0.7067307692307693 0.04423076923076923 0.06346153846153846
2 0.22692307692307692 0.7038461538461539 0.03076923076923077 0.04807692307692308
2 0.1951923076923077 0.6961538461538461 0.021153846153846155 0.026923076923076925
2 0.19230769230769232 0.6557692307692308 0.05384615384615385 0.06153846153846154
2 0.14615384615384616 0.6673076923076923 0.03076923076923077 0.04807692307692308
2 0.08076923076923077 0.6586538461538461 0.03076923076923077 0.03653846153846154