3 0.052884615384615384 0.39903846153846156 0.10576923076923077 0.11057692307692307
3 0.06057692307692308 0.8201923076923077 0.12115384615384615 0.23653846153846153
3 0.08557692307692308 0.2865384615384615 0.1451923076923077 0.12307692307692308
3 0.08076923076923077 0.18942307692307692 0.08269230769230769 0.07211538461538461
3 0.18461538461538463 0.6817307692307693 0.23557692307692307 0.2230769230769231
3 0.20096153846153847 0.9230769230769231 0.1701923076923077 0.1423076923076923
3 0.18173076923076922 0.1451923076923077 0.09230769230769231 0.1076923076923077
3 0.30865384615384617 0.31346153846153846 0.2701923076923077 0.24807692307692308
3 0.29615384615384616 0.1701923076923077 0.1519230769230769 0.11442307692307692
3 0.3278846153846154 0.09230769230769231 0.1596153846153846 0.09230769230769231
3 0.3951923076923077 0.7721153846153846 0.2519230769230769 0.2528846153846154
3 0.4048076923076923 0.5567307692307693 0.1951923076923077 0.18942307692307692
3 0.4355769230769231 0.40192307692307694 0.10192307692307692 0.12692307692307692
3 0.4182692307692308 0.04230769230769231 0.051923076923076926 0.08269230769230769
3 0.4567307692307692 0.13942307692307693 0.10961538461538461 0.11057692307692307
3 0.5394230769230769 0.9125 0.2605769230769231 0.17307692307692307
3 0.5653846153846154 0.4798076923076923 0.2403846153846154 0.2326923076923077
3 0.6269230769230769 0.7201923076923077 0.2548076923076923 0.2548076923076923
3 0.5653846153846154 0.023076923076923078 0.08557692307692308 0.026923076923076925
3 0.6211538461538462 0.13365384615384615 0.17211538461538461 0.1519230769230769
3 0.6394230769230769 0.023076923076923078 0.052884615384615384 0.04519230769230769
3 0.7192307692307692 0.041346153846153845 0.11730769230769231 0.08269230769230769
3 0.7932692307692307 0.8971153846153846 0.2653846153846154 0.20576923076923076
3 0.7625 0.10384615384615385 0.13557692307692307 0.1346153846153846
3 0.8182692307692307 0.5298076923076923 0.2153846153846154 0.2201923076923077
3 0.8336538461538462 0.7221153846153846 0.17307692307692307 0.1798076923076923
3 0.8528846153846154 0.2076923076923077 0.12788461538461537 0.12980769230769232
3 0.8971153846153846 0.1326923076923077 0.11923076923076924 0.11442307692307692
3 0.9403846153846154 0.36923076923076925 0.11923076923076924 0.17307692307692307
3 0.9423076923076923 0.864423076923077 0.11538461538461539 0.23653846153846153
3 0.9548076923076924 0.6586538461538461 0.08942307692307692 0.19230769230769232
3 0.9538461538461539 0.5009615384615385 0.05576923076923077 0.0673076923076923