3 0.08365384615384615 0.12788461538461537 0.04807692307692308 0.05384615384615385
3 0.06923076923076923 0.34134615384615385 0.026923076923076925 0.026923076923076925
3 0.009615384615384616 0.8067307692307693 0.007692307692307693 0.015384615384615385
3 0.04519230769230769 0.6644230769230769 0.01730769230769231 0.028846153846153848
3 0.1375 0.1951923076923077 0.019230769230769232 0.015384615384615385
3 0.15865384615384615 0.12884615384615383 0.023076923076923078 0.03076923076923077
3 0.18076923076923077 0.1451923076923077 0.013461538461538462 0.013461538461538462
3 0.11826923076923077 0.5894230769230769 0.028846153846153848 0.03076923076923077
3 0.051923076923076926 0.9115384615384615 0.015384615384615385 0.013461538461538462
3 0.1519230769230769 0.9019230769230769 0.01730769230769231 0.009615384615384616
3 0.25961538461538464 0.925 0.03461538461538462 0.038461538461538464
3 0.28365384615384615 0.8557692307692307 0.015384615384615385 0.013461538461538462
3 0.3038461538461538 0.9153846153846154 0.025 0.03076923076923077
3 0.5403846153846154 0.8711538461538462 0.015384615384615385 0.01730769230769231
3 0.7009615384615384 0.9317307692307693 0.025 0.025