3 0.9355769230769231 0.15 0.046153846153846156 0.051923076923076926
3 0.9384615384615385 0.36346153846153845 0.025 0.025
3 0.9903846153846154 0.8336538461538462 0.015384615384615385 0.011538461538461539
3 0.9740384615384615 0.8317307692307693 0.007692307692307693 0.015384615384615385
3 0.9461538461538461 0.6875 0.015384615384615385 0.028846153846153848
3 0.8788461538461538 0.2144230769230769 0.019230769230769232 0.015384615384615385
3 0.8605769230769231 0.14711538461538462 0.021153846153846155 0.03076923076923077
3 0.8375 0.1625 0.013461538461538462 0.011538461538461539
3 0.8769230769230769 0.6096153846153847 0.028846153846153848 0.03076923076923077
3 0.9259615384615385 0.9346153846153846 0.015384615384615385 0.011538461538461539
3 0.8269230769230769 0.9192307692307692 0.015384615384615385 0.009615384615384616
3 0.7182692307692308 0.9375 0.03461538461538462 0.03653846153846154
3 0.6971153846153846 0.8663461538461539 0.015384615384615385 0.011538461538461539
3 0.6740384615384616 0.925 0.023076923076923078 0.03076923076923077
3 0.4403846153846154 0.8682692307692308 0.013461538461538462 0.015384615384615385
3 0.27692307692307694 0.9211538461538461 0.025 0.025