3 0.375 0.6990384615384615 0.10192307692307692 0.16442307692307692
3 0.026923076923076925 0.6951923076923077 0.05384615384615385 0.075
3 0.06057692307692308 0.9471153846153846 0.1201923076923077 0.10480769230769231
3 0.019230769230769232 0.7384615384615385 0.035576923076923075 0.08076923076923077
3 0.06442307692307692 0.7038461538461539 0.05961538461538462 0.057692307692307696
3 0.09807692307692308 0.6615384615384615 0.047115384615384615 0.0625
3 0.1778846153846154 0.8173076923076923 0.1326923076923077 0.1548076923076923
3 0.1596153846153846 0.9355769230769231 0.08076923076923077 0.12692307692307692
3 0.23076923076923078 0.9355769230769231 0.16923076923076924 0.12788461538461537
3 0.23173076923076924 0.6067307692307692 0.04519230769230769 0.0798076923076923
3 0.2625 0.6509615384615385 0.09423076923076923 0.09807692307692308
3 0.27884615384615385 0.725 0.11057692307692307 0.12307692307692308
3 0.30480769230769234 0.823076923076923 0.11442307692307692 0.12980769230769232
3 0.31634615384615383 0.6125 0.05480769230769231 0.07019230769230769
3 0.3403846153846154 0.9038461538461539 0.09711538461538462 0.12307692307692308
3 0.41057692307692306 0.9355769230769231 0.14038461538461539 0.12788461538461537
3 0.42403846153846153 0.8038461538461539 0.08557692307692308 0.057692307692307696
3 0.475 0.8673076923076923 0.11923076923076924 0.10480769230769231
3 0.46923076923076923 0.7471153846153846 0.09230769230769231 0.1326923076923077
3 0.5471153846153847 0.9509615384615384 0.125 0.09711538461538462
3 0.5682692307692307 0.7182692307692308 0.10288461538461538 0.15
3 0.5951923076923077 0.8307692307692308 0.10480769230769231 0.125
3 0.6076923076923076 0.6365384615384615 0.05480769230769231 0.07019230769230769
3 0.6548076923076923 0.6557692307692308 0.08557692307692308 0.1076923076923077
3 0.6798076923076923 0.7432692307692308 0.11057692307692307 0.15576923076923077
3 0.7019230769230769 0.6096153846153847 0.047115384615384615 0.08461538461538462
3 0.7471153846153846 0.9663461538461539 0.11730769230769231 0.06538461538461539
3 0.7355769230769231 0.8384615384615385 0.07019230769230769 0.09230769230769231
3 0.7538461538461538 0.7019230769230769 0.09230769230769231 0.1125
3 0.775 0.7798076923076923 0.08942307692307692 0.09038461538461538
3 0.8038461538461539 0.9028846153846154 0.125 0.16923076923076924
3 0.8153846153846154 0.6701923076923076 0.07788461538461539 0.11442307692307692
3 0.8576923076923076 0.775 0.09230769230769231 0.12692307692307692
3 0.864423076923077 0.6394230769230769 0.057692307692307696 0.08557692307692308
3 0.8980769230769231 0.8798076923076923 0.10288461538461538 0.1673076923076923
3 0.9067307692307692 0.6942307692307692 0.07692307692307693 0.11442307692307692
3 0.926923076923077 0.9701923076923077 0.10576923076923077 0.057692307692307696
3 0.9519230769230769 0.7817307692307692 0.09519230769230769 0.1548076923076923
3 0.9769230769230769 0.9009615384615385 0.04519230769230769 0.125