0 0.24519230769230768 0.7288461538461538 0.08076923076923077 0.12307692307692308
0 0.7990384615384616 0.989423076923077 0.04423076923076923 0.021153846153846155
0 0.8394230769230769 0.31634615384615383 0.046153846153846156 0.06538461538461539
0 0.7307692307692307 0.6096153846153847 0.05 0.06346153846153846
0 0.6846153846153846 0.48365384615384616 0.04230769230769231 0.06923076923076923
0 0.6134615384615385 0.17596153846153847 0.051923076923076926 0.06538461538461539
0 0.4971153846153846 0.5076923076923077 0.05 0.07307692307692308
0 0.5201923076923077 0.022115384615384617 0.051923076923076926 0.04423076923076923
0 0.4826923076923077 0.37115384615384617 0.03076923076923077 0.05
0 0.4740384615384615 0.3326923076923077 0.032692307692307694 0.06538461538461539
0 0.44134615384615383 0.32019230769230766 0.05 0.07307692307692308
0 0.33365384615384613 0.34807692307692306 0.04807692307692308 0.075
0 0.3144230769230769 0.30288461538461536 0.04807692307692308 0.05576923076923077
0 0.23365384615384616 0.4548076923076923 0.051923076923076926 0.08076923076923077
0 0.17596153846153847 0.21923076923076923 0.07692307692307693 0.09615384615384616
0 0.1423076923076923 0.6644230769230769 0.05 0.07115384615384615
0 0.11442307692307692 0.1519230769230769 0.06923076923076923 0.0673076923076923
0 0.05096153846153846 0.47115384615384615 0.046153846153846156 0.05