2 0.25576923076923075 0.6951923076923077 0.2076923076923077 0.6076923076923076
2 0.4855769230769231 0.4269230769230769 0.1673076923076923 0.4980769230769231
2 0.6586538461538461 0.24519230769230768 0.02980769230769231 0.05480769230769231
2 0.6932692307692307 0.8413461538461539 0.09519230769230769 0.3153846153846154
2 0.6653846153846154 0.6153846153846154 0.02980769230769231 0.051923076923076926
2 0.6692307692307692 0.14807692307692308 0.026923076923076925 0.06057692307692308
2 0.7 0.23557692307692307 0.023076923076923078 0.03461538461538462
2 0.7096153846153846 0.2903846153846154 0.01730769230769231 0.02980769230769231
2 0.9538461538461539 0.8605769230769231 0.02980769230769231 0.05
2 0.9759615384615384 0.95 0.020192307692307693 0.04423076923076923
2 0.9923076923076923 0.9644230769230769 0.014423076923076924 0.047115384615384615