3 0.9125 0.46153846153846156 0.175 0.23076923076923078
3 0.8326923076923077 0.4826923076923077 0.09423076923076923 0.14615384615384616
3 0.8259615384615384 0.4951923076923077 0.0673076923076923 0.11923076923076924
3 0.8153846153846154 0.5615384615384615 0.11730769230769231 0.1576923076923077
3 0.6932692307692307 0.5278846153846154 0.125 0.18269230769230768
3 0.6509615384615385 0.42596153846153845 0.1 0.09230769230769231
3 0.6903846153846154 0.5788461538461539 0.06346153846153846 0.08269230769230769
3 0.6490384615384616 0.5586538461538462 0.09615384615384616 0.17115384615384616
3 0.6067307692307692 0.47307692307692306 0.04038461538461539 0.051923076923076926
3 0.5336538461538461 0.40865384615384615 0.13076923076923078 0.1596153846153846
3 0.55 0.5548076923076923 0.18653846153846154 0.25576923076923075
3 0.48365384615384616 0.47596153846153844 0.08653846153846154 0.11730769230769231
3 0.4701923076923077 0.6211538461538462 0.1346153846153846 0.18076923076923077
3 0.4153846153846154 0.5817307692307693 0.1576923076923077 0.23653846153846153
3 0.3576923076923077 0.4442307692307692 0.17115384615384616 0.22115384615384615
3 0.31153846153846154 0.5836538461538462 0.11730769230769231 0.1596153846153846
3 0.35 0.676923076923077 0.075 0.13653846153846153
3 0.26153846153846155 0.6846153846153846 0.15384615384615385 0.18076923076923077
3 0.25576923076923075 0.5855769230769231 0.06346153846153846 0.06346153846153846
3 0.20865384615384616 0.6557692307692308 0.06153846153846154 0.1596153846153846
3 0.15384615384615385 0.6692307692307692 0.16923076923076924 0.23653846153846153