3 0.09134615384615384 0.5538461538461539 0.08557692307692308 0.08942307692307692
3 0.09519230769230769 0.6307692307692307 0.075 0.047115384615384615
3 0.24134615384615385 0.4634615384615385 0.1451923076923077 0.09038461538461538
3 0.26826923076923076 0.5346153846153846 0.14038461538461539 0.13942307692307693
3 0.2528846153846154 0.6038461538461538 0.09038461538461538 0.10192307692307692
3 0.3625 0.4894230769230769 0.06538461538461539 0.1076923076923077
3 0.38461538461538464 0.6019230769230769 0.08461538461538462 0.1326923076923077
3 0.5182692307692308 0.4798076923076923 0.10961538461538461 0.12307692307692308
3 0.5221153846153846 0.575 0.05480769230769231 0.1201923076923077
3 0.5625 0.5692307692307692 0.06442307692307692 0.05576923076923077
3 0.6009615384615384 0.6076923076923076 0.07307692307692308 0.0798076923076923
3 0.6057692307692307 0.5009615384615385 0.08269230769230769 0.12788461538461537
3 0.6576923076923077 0.5788461538461539 0.057692307692307696 0.0625
3 0.7076923076923077 0.5163461538461539 0.11923076923076924 0.14807692307692308
3 0.698076923076923 0.6192307692307693 0.09230769230769231 0.12211538461538461
3 0.8192307692307692 0.6278846153846154 0.1076923076923077 0.1596153846153846