3 0.10865384615384616 0.6307692307692307 0.10192307692307692 0.10384615384615385
3 0.12788461538461537 0.7057692307692308 0.08269230769230769 0.05961538461538462
3 0.23942307692307693 0.5134615384615384 0.1596153846153846 0.11730769230769231
3 0.27884615384615385 0.5778846153846153 0.16346153846153846 0.16346153846153846
3 0.27692307692307694 0.6490384615384616 0.1076923076923077 0.11730769230769231
3 0.36346153846153845 0.5153846153846153 0.08461538461538462 0.11730769230769231
3 0.40576923076923077 0.6221153846153846 0.1076923076923077 0.14615384615384616
3 0.5144230769230769 0.47692307692307695 0.13076923076923078 0.1423076923076923
3 0.5355769230769231 0.5692307692307692 0.07692307692307693 0.12884615384615383
3 0.575 0.5557692307692308 0.07307692307692308 0.0673076923076923
3 0.6192307692307693 0.5865384615384616 0.08653846153846154 0.09230769230769231
3 0.6038461538461538 0.4807692307692308 0.10576923076923077 0.14038461538461539
3 0.6701923076923076 0.5471153846153847 0.06923076923076923 0.07307692307692308
3 0.7067307692307693 0.47596153846153844 0.14615384615384616 0.1673076923076923
3 0.7173076923076923 0.5788461538461539 0.11346153846153846 0.13653846153846153
3 0.8375 0.5644230769230769 0.13653846153846153 0.17692307692307693