3 0.05384615384615385 0.6269230769230769 0.1076923076923077 0.33076923076923076
3 0.14326923076923076 0.6942307692307692 0.21346153846153845 0.36538461538461536
3 0.058653846153846154 0.4596153846153846 0.1076923076923077 0.2173076923076923
3 0.3326923076923077 0.8048076923076923 0.4269230769230769 0.3903846153846154
3 0.23846153846153847 0.3798076923076923 0.45384615384615384 0.5980769230769231
3 0.5048076923076923 0.6326923076923077 0.3346153846153846 0.46923076923076923
3 0.6230769230769231 0.9096153846153846 0.3269230769230769 0.18076923076923077
3 0.6413461538461539 0.31153846153846154 0.3769230769230769 0.5057692307692307
3 0.7644230769230769 0.7567307692307692 0.39615384615384613 0.4461538461538462
3 0.8576923076923076 0.5644230769230769 0.2846153846153846 0.43653846153846154
3 0.8778846153846154 0.2923076923076923 0.2403846153846154 0.36538461538461536