3 0.9625 0.5625 0.075 0.32884615384615384
3 0.8807692307692307 0.6423076923076924 0.16923076923076924 0.35192307692307695
3 0.9307692307692308 0.39903846153846156 0.07884615384615384 0.21153846153846154
3 0.7125 0.801923076923077 0.37884615384615383 0.39615384615384613
3 0.7423076923076923 0.34423076923076923 0.38653846153846155 0.5615384615384615
3 0.5134615384615384 0.6317307692307692 0.28076923076923077 0.4442307692307692
3 0.4355769230769231 0.925 0.31346153846153846 0.15
3 0.3346153846153846 0.33365384615384613 0.3211538461538462 0.475
3 0.27307692307692305 0.7903846153846154 0.35 0.4096153846153846
3 0.13557692307692307 0.6173076923076923 0.27115384615384613 0.4076923076923077
3 0.09807692307692308 0.34615384615384615 0.19615384615384615 0.34615384615384615