3 0.02980769230769231 0.5307692307692308 0.05961538461538462 0.325
3 0.11057692307692307 0.6153846153846154 0.1451923076923077 0.3423076923076923
3 0.07692307692307693 0.36923076923076925 0.06538461538461539 0.2076923076923077
3 0.26634615384615384 0.8 0.35192307692307695 0.39807692307692305
3 0.2692307692307692 0.3278846153846154 0.35 0.5375
3 0.47692307692307695 0.6307692307692307 0.2519230769230769 0.4269230769230769
3 0.5346153846153846 0.9326923076923077 0.30480769230769234 0.1346153846153846
3 0.676923076923077 0.3451923076923077 0.28942307692307695 0.45576923076923076
3 0.7057692307692308 0.8057692307692308 0.3230769230769231 0.3875
3 0.8653846153846154 0.6442307692307693 0.2673076923076923 0.3894230769230769
3 0.9125 0.375 0.175 0.33557692307692305