0 0.6115384615384616 0.6240384615384615 0.11923076923076924 0.11730769230769231
0 0.022115384615384617 0.5788461538461539 0.04038461538461539 0.06153846153846154
0 0.028846153846153848 0.7730769230769231 0.04230769230769231 0.09230769230769231
0 0.04519230769230769 0.6221153846153846 0.07884615384615384 0.0673076923076923
0 0.09711538461538462 0.5278846153846154 0.075 0.075
0 0.1326923076923077 0.7576923076923077 0.08846153846153847 0.08846153846153847
0 0.13076923076923078 0.24423076923076922 0.11923076923076924 0.12307692307692308
0 0.19134615384615383 0.739423076923077 0.051923076923076926 0.07884615384615384
0 0.19903846153846153 0.2721153846153846 0.09423076923076923 0.08846153846153847
0 0.2 0.5413461538461538 0.04038461538461539 0.03076923076923077
0 0.22115384615384615 0.10384615384615385 0.09423076923076923 0.08846153846153847
0 0.3548076923076923 0.7346153846153847 0.075 0.06153846153846154
0 0.37403846153846154 0.5586538461538462 0.08269230769230769 0.08846153846153847
0 0.40673076923076923 0.6923076923076923 0.09615384615384616 0.10576923076923077
0 0.3942307692307692 0.8528846153846154 0.051923076923076926 0.05961538461538462
0 0.44326923076923075 0.47596153846153844 0.10192307692307692 0.12884615384615383
0 0.49903846153846154 0.39326923076923076 0.12692307692307692 0.11923076923076924
0 0.5346153846153846 0.7298076923076923 0.08269230769230769 0.08076923076923077
0 0.5471153846153847 0.8519230769230769 0.04423076923076923 0.051923076923076926
0 0.5913461538461539 0.8278846153846153 0.05384615384615385 0.07884615384615384
0 0.625 0.29615384615384616 0.10576923076923077 0.1076923076923077
0 0.6730769230769231 0.85 0.032692307692307694 0.028846153846153848
0 0.6951923076923077 0.3076923076923077 0.075 0.057692307692307696
0 0.7144230769230769 0.7519230769230769 0.07115384615384615 0.05961538461538462
0 0.801923076923077 0.9288461538461539 0.021153846153846155 0.021153846153846155
0 0.8298076923076924 0.9278846153846154 0.01730769230769231 0.023076923076923078
0 0.9192307692307692 0.8836538461538461 0.11923076923076924 0.11538461538461539
0 0.926923076923077 0.7923076923076923 0.03461538461538462 0.03461538461538462
0 0.9557692307692308 0.5759615384615384 0.08846153846153847 0.11346153846153846
0 0.9788461538461538 0.7230769230769231 0.04230769230769231 0.11153846153846154