0 0.6067307692307692 0.6278846153846154 0.11538461538461539 0.1125
0 0.019230769230769232 0.5625 0.038461538461538464 0.05961538461538462
0 0.019230769230769232 0.7567307692307692 0.038461538461538464 0.09038461538461538
0 0.041346153846153845 0.6057692307692307 0.07692307692307693 0.06538461538461539
0 0.09615384615384616 0.5134615384615384 0.07211538461538461 0.07211538461538461
0 0.12403846153846154 0.7451923076923077 0.08557692307692308 0.08557692307692308
0 0.14038461538461539 0.23173076923076924 0.11442307692307692 0.11923076923076924
0 0.18269230769230768 0.7288461538461538 0.05 0.07788461538461539
0 0.20673076923076922 0.26153846153846155 0.09038461538461538 0.08557692307692308
0 0.19903846153846153 0.5307692307692308 0.03942307692307692 0.02980769230769231
0 0.23557692307692307 0.09423076923076923 0.09038461538461538 0.08557692307692308
0 0.3471153846153846 0.7298076923076923 0.07307692307692308 0.05961538461538462
0 0.3721153846153846 0.5538461538461539 0.0798076923076923 0.08557692307692308
0 0.4 0.6884615384615385 0.09230769230769231 0.10192307692307692
0 0.3817307692307692 0.8490384615384615 0.05 0.057692307692307696
0 0.4442307692307692 0.4740384615384615 0.09807692307692308 0.125
0 0.5028846153846154 0.39326923076923076 0.12211538461538461 0.11538461538461539
0 0.5269230769230769 0.7307692307692307 0.0798076923076923 0.07788461538461539
0 0.5346153846153846 0.8528846153846154 0.04230769230769231 0.05
0 0.5798076923076924 0.8307692307692308 0.051923076923076926 0.07692307692307693
0 0.6317307692307692 0.30096153846153845 0.10192307692307692 0.10480769230769231
0 0.6605769230769231 0.8557692307692307 0.032692307692307694 0.026923076923076925
0 0.7019230769230769 0.3144230769230769 0.07307692307692308 0.05480769230769231
0 0.7057692307692308 0.7596153846153846 0.06923076923076923 0.057692307692307696
0 0.7865384615384615 0.9394230769230769 0.020192307692307693 0.020192307692307693
0 0.8144230769230769 0.9394230769230769 0.01730769230769231 0.023076923076923078
0 0.9057692307692308 0.8980769230769231 0.11538461538461539 0.11057692307692307
0 0.9163461538461538 0.8067307692307693 0.032692307692307694 0.032692307692307694
0 0.9548076923076924 0.5932692307692308 0.0875 0.11057692307692307
0 0.9759615384615384 0.739423076923077 0.047115384615384615 0.11057692307692307