0 0.425 0.6490384615384616 0.13846153846153847 0.1346153846153846
0 0.9788461538461538 0.4528846153846154 0.04230769230769231 0.0673076923076923
0 0.9625 0.5 0.075 0.08076923076923077
0 0.8961538461538462 0.4221153846153846 0.08653846153846154 0.08653846153846154
0 0.9211538461538461 0.6548076923076923 0.10192307692307692 0.10192307692307692
0 0.7903846153846154 0.1576923076923077 0.13846153846153847 0.1423076923076923
0 0.8605769230769231 0.6519230769230769 0.06538461538461539 0.08653846153846154
0 0.7317307692307692 0.20192307692307693 0.1076923076923077 0.10384615384615385
0 0.8 0.4625 0.04423076923076923 0.038461538461538464
0 0.6653846153846154 0.04807692307692308 0.1076923076923077 0.09615384615384616
0 0.7009615384615384 0.6894230769230769 0.08461538461538462 0.075
0 0.6365384615384615 0.5240384615384616 0.09615384615384616 0.10192307692307692
0 0.6394230769230769 0.6615384615384615 0.11346153846153846 0.11923076923076924
0 0.6942307692307692 0.8134615384615385 0.06153846153846154 0.0673076923076923
0 0.5480769230769231 0.4625 0.12307692307692308 0.14423076923076922
0 0.47307692307692306 0.3971153846153846 0.14423076923076922 0.14038461538461539
0 0.5259615384615385 0.7307692307692307 0.09615384615384616 0.09423076923076923
0 0.5451923076923076 0.8519230769230769 0.051923076923076926 0.057692307692307696
0 0.4971153846153846 0.8403846153846154 0.0673076923076923 0.08653846153846154
0 0.3269230769230769 0.33557692307692305 0.12307692307692308 0.125
0 0.42403846153846153 0.8826923076923077 0.038461538461538464 0.032692307692307694
0 0.26153846153846155 0.3644230769230769 0.08269230769230769 0.06923076923076923
0 0.3576923076923077 0.7990384615384616 0.08076923076923077 0.07115384615384615
0 0.31826923076923075 0.989423076923077 0.025 0.021153846153846155
0 0.29134615384615387 0.9923076923076923 0.021153846153846155 0.015384615384615385
0 0.19326923076923078 0.9557692307692308 0.13653846153846153 0.08846153846153847
0 0.16346153846153846 0.8923076923076924 0.038461538461538464 0.038461538461538464
0 0.07788461538461539 0.6932692307692307 0.10961538461538461 0.12692307692307692
0 0.09038461538461538 0.8403846153846154 0.07115384615384615 0.11923076923076924