3 0.7086538461538462 0.19615384615384615 0.08653846153846154 0.11923076923076924
3 0.8846153846153846 0.8673076923076923 0.07115384615384615 0.12884615384615383
3 0.8836538461538461 0.6365384615384615 0.0673076923076923 0.11730769230769231
3 0.8134615384615385 0.6951923076923077 0.057692307692307696 0.08076923076923077
3 0.7625 0.7048076923076924 0.06346153846153846 0.11153846153846154
3 0.5692307692307692 0.8009615384615385 0.06346153846153846 0.11153846153846154
3 0.5557692307692308 0.8375 0.04230769230769231 0.08653846153846154
3 0.5375 0.7673076923076924 0.057692307692307696 0.09807692307692308
3 0.48846153846153845 0.7788461538461539 0.038461538461538464 0.08461538461538462
3 0.3798076923076923 0.4 0.05576923076923077 0.08076923076923077
3 0.33942307692307694 0.5298076923076923 0.051923076923076926 0.06538461538461539
3 0.3721153846153846 0.25384615384615383 0.046153846153846156 0.0673076923076923
3 0.2625 0.6961538461538461 0.06538461538461539 0.08461538461538462
3 0.2076923076923077 0.08173076923076923 0.057692307692307696 0.07884615384615384