3 0.6576923076923077 0.5692307692307692 0.3423076923076923 0.36923076923076925
3 0.9211538461538461 0.3798076923076923 0.1576923076923077 0.23653846153846153
3 0.8692307692307693 0.6865384615384615 0.25769230769230766 0.3384615384615385
3 0.9298076923076923 0.5153846153846153 0.14038461538461539 0.19230769230769232
3 0.9144230769230769 0.1951923076923077 0.15576923076923077 0.19038461538461537
3 0.7788461538461539 0.3875 0.3192307692307692 0.3423076923076923
3 0.7625 0.16923076923076924 0.225 0.17115384615384616
3 0.7653846153846153 0.07884615384615384 0.1673076923076923 0.08653846153846154
3 0.5057692307692307 0.7865384615384615 0.4269230769230769 0.4269230769230769
3 0.6557692307692308 0.28942307692307695 0.17884615384615385 0.19038461538461537
3 0.6365384615384615 0.11538461538461539 0.24423076923076922 0.21923076923076923
3 0.5201923076923077 0.23076923076923078 0.27692307692307694 0.22692307692307692
3 0.4394230769230769 0.4394230769230769 0.32884615384615384 0.2903846153846154
3 0.5057692307692307 0.04038461538461539 0.23461538461538461 0.08076923076923077
3 0.2548076923076923 0.675 0.4 0.4346153846153846
3 0.35673076923076924 0.1423076923076923 0.20192307692307693 0.19807692307692307
3 0.3057692307692308 0.27115384615384613 0.2 0.13653846153846153
3 0.3326923076923077 0.06057692307692308 0.17692307692307693 0.12115384615384615
3 0.13365384615384615 0.44134615384615383 0.2673076923076923 0.3057692307692308
3 0.14134615384615384 0.2548076923076923 0.24807692307692308 0.25384615384615383
3 0.20961538461538462 0.10961538461538461 0.125 0.16538461538461538