3 0.33365384615384613 0.5442307692307692 0.29423076923076924 0.3278846153846154
3 0.08269230769230769 0.3125 0.16538461538461538 0.2125
3 0.10576923076923077 0.6259615384615385 0.21153846153846154 0.3096153846153846
3 0.06538461538461539 0.44711538461538464 0.12788461538461537 0.175
3 0.13846153846153847 0.13365384615384615 0.13076923076923078 0.17211538461538461
3 0.2423076923076923 0.3451923076923077 0.275 0.30288461538461536
3 0.2923076923076923 0.1326923076923077 0.20576923076923076 0.14038461538461539
3 0.3038461538461538 0.04230769230769231 0.1596153846153846 0.0625
3 0.44711538461538464 0.7961538461538461 0.36923076923076925 0.4028846153846154
3 0.37884615384615383 0.2673076923076923 0.1548076923076923 0.1673076923076923
3 0.425 0.09903846153846153 0.2173076923076923 0.1875
3 0.5221153846153846 0.23076923076923078 0.25 0.19038461538461537
3 0.5692307692307692 0.45 0.29423076923076924 0.24807692307692308
3 0.5682692307692307 0.03461538461538462 0.22692307692307692 0.06923076923076923
3 0.7144230769230769 0.7115384615384616 0.34423076923076923 0.3855769230769231
3 0.6971153846153846 0.16923076923076924 0.17692307692307693 0.17307692307692307
3 0.7278846153846154 0.30480769230769234 0.18557692307692308 0.10961538461538461
3 0.7355769230769231 0.08269230769230769 0.1605769230769231 0.11923076923076924
3 0.8778846153846154 0.5 0.2423076923076923 0.2721153846153846
3 0.8923076923076924 0.31346153846153846 0.2153846153846154 0.2230769230769231
3 0.8480769230769231 0.1596153846153846 0.10288461538461538 0.1519230769230769