0 0.7865384615384615 0.7528846153846154 0.1326923076923077 0.10576923076923077
0 0.5096153846153846 0.32403846153846155 0.9692307692307692 0.25769230769230766
0 0.5009615384615385 0.45384615384615384 0.9980769230769231 0.4461538461538462
0 0.48173076923076924 0.5528846153846154 0.9634615384615385 0.5903846153846154
0 0.625 0.9394230769230769 0.1596153846153846 0.11538461538461539
0 0.5673076923076923 0.8615384615384616 0.032692307692307694 0.01730769230769231
0 0.5288461538461539 0.8548076923076923 0.04807692307692308 0.04230769230769231
0 0.5038461538461538 0.8269230769230769 0.04423076923076923 0.04807692307692308
0 0.48173076923076924 0.7826923076923077 0.03461538461538462 0.038461538461538464
0 0.43365384615384617 0.7730769230769231 0.05384615384615385 0.05576923076923077
0 0.40865384615384615 0.7336538461538461 0.038461538461538464 0.03653846153846154
0 0.3682692307692308 0.7230769230769231 0.04230769230769231 0.04423076923076923
0 0.2548076923076923 0.6317307692307692 0.14423076923076922 0.15384615384615385
0 0.13653846153846153 0.5240384615384616 0.075 0.11153846153846154
0 0.08557692307692308 0.4673076923076923 0.011538461538461539 0.021153846153846155
0 0.08173076923076923 0.4528846153846154 0.015384615384615385 0.013461538461538462
0 0.07019230769230769 0.46442307692307694 0.015384615384615385 0.015384615384615385