0 0.823076923076923 0.7048076923076924 0.14615384615384616 0.125
0 0.48653846153846153 0.32403846153846155 0.9730769230769231 0.40192307692307694
0 0.5 0.4528846153846154 1 0.5903846153846154
0 0.5 0.5557692307692308 1 0.7269230769230769
0 0.6923076923076923 0.9144230769230769 0.17307692307692307 0.13846153846153847
0 0.6230769230769231 0.8461538461538461 0.03461538461538462 0.021153846153846155
0 0.5846153846153846 0.8461538461538461 0.051923076923076926 0.04807692307692308
0 0.5548076923076923 0.8221153846153846 0.05 0.05384615384615385
0 0.5269230769230769 0.7826923076923077 0.04038461538461539 0.04423076923076923
0 0.47692307692307695 0.7798076923076923 0.06153846153846154 0.06346153846153846
0 0.4461538461538462 0.7451923076923077 0.04423076923076923 0.04230769230769231
0 0.4048076923076923 0.7413461538461539 0.04807692307692308 0.05
0 0.2778846153846154 0.6682692307692307 0.16538461538461538 0.17307692307692307
0 0.14423076923076922 0.5807692307692308 0.09038461538461538 0.11923076923076924
0 0.08557692307692308 0.5317307692307692 0.015384615384615385 0.021153846153846155
0 0.07884615384615384 0.5182692307692308 0.01730769230769231 0.015384615384615385
0 0.07019230769230769 0.5326923076923077 0.01730769230769231 0.01730769230769231