0 0.22692307692307692 0.7673076923076924 0.12788461538461537 0.1
0 0.4807692307692308 0.325 0.9605769230769231 0.2076923076923077
0 0.49230769230769234 0.45384615384615384 0.9846153846153847 0.3942307692307692
0 0.5259615384615385 0.551923076923077 0.948076923076923 0.5423076923076923
0 0.39807692307692305 0.9451923076923077 0.1548076923076923 0.1076923076923077
0 0.4519230769230769 0.864423076923077 0.032692307692307694 0.015384615384615385
0 0.4894230769230769 0.8557692307692307 0.04519230769230769 0.03942307692307692
0 0.5134615384615384 0.8269230769230769 0.04230769230769231 0.04519230769230769
0 0.5326923076923077 0.7817307692307692 0.032692307692307694 0.0375
0 0.5807692307692308 0.7692307692307693 0.051923076923076926 0.052884615384615384
0 0.6038461538461538 0.7288461538461538 0.0375 0.03461538461538462
0 0.6432692307692308 0.7163461538461539 0.04038461538461539 0.04230769230769231
0 0.7519230769230769 0.6182692307692308 0.1375 0.14711538461538462
0 0.864423076923077 0.5048076923076923 0.07019230769230769 0.1076923076923077
0 0.9125 0.44519230769230766 0.010576923076923078 0.020192307692307693
0 0.9153846153846154 0.4307692307692308 0.015384615384615385 0.0125
0 0.926923076923077 0.4423076923076923 0.014423076923076924 0.014423076923076924