3 0.4980769230769231 0.8298076923076924 0.13076923076923078 0.1576923076923077
3 0.3942307692307692 0.8576923076923076 0.11346153846153846 0.175
3 0.5413461538461538 0.7721153846153846 0.08269230769230769 0.11346153846153846
3 0.7173076923076923 0.6403846153846153 0.04230769230769231 0.05384615384615385
3 0.7548076923076923 0.6384615384615384 0.032692307692307694 0.06923076923076923
3 0.8067307692307693 0.6442307692307693 0.038461538461538464 0.0673076923076923
3 0.8317307692307693 0.6480769230769231 0.051923076923076926 0.06346153846153846
3 0.8394230769230769 0.7153846153846154 0.03653846153846154 0.046153846153846156
3 0.8384615384615385 0.5721153846153846 0.057692307692307696 0.0673076923076923
3 0.8769230769230769 0.7230769230769231 0.038461538461538464 0.038461538461538464
3 0.8788461538461538 0.6894230769230769 0.046153846153846156 0.051923076923076926
3 0.9115384615384615 0.6990384615384615 0.046153846153846156 0.057692307692307696