2 0.6269230769230769 0.3798076923076923 0.18269230769230768 0.1519230769230769
2 0.35096153846153844 0.21826923076923077 0.07115384615384615 0.05
2 0.34615384615384615 0.2605769230769231 0.057692307692307696 0.04807692307692308
2 0.36730769230769234 0.6557692307692308 0.05961538461538462 0.04230769230769231
2 0.3548076923076923 0.698076923076923 0.06923076923076923 0.05384615384615385
2 0.2759615384615385 0.2548076923076923 0.05 0.04423076923076923
2 0.25961538461538464 0.22692307692307692 0.0673076923076923 0.05
2 0.2971153846153846 0.7153846153846154 0.05384615384615385 0.04423076923076923
2 0.28942307692307695 0.675 0.057692307692307696 0.04423076923076923
2 0.2153846153846154 0.24711538461538463 0.04423076923076923 0.038461538461538464
2 0.24807692307692308 0.7192307692307692 0.04038461538461539 0.032692307692307694