2 0.10673076923076923 0.46634615384615385 0.0673076923076923 0.11153846153846154
2 0.1673076923076923 0.49230769230769234 0.1 0.23461538461538461
2 0.3528846153846154 0.5990384615384615 0.16923076923076924 0.34807692307692306
2 0.36538461538461536 0.2375 0.15384615384615385 0.2980769230769231
2 0.4048076923076923 0.7557692307692307 0.07115384615384615 0.18653846153846154
2 0.4230769230769231 0.3721153846153846 0.1346153846153846 0.3076923076923077
2 0.5086538461538461 0.7865384615384615 0.1326923076923077 0.3057692307692308
2 0.5769230769230769 0.4153846153846154 0.13846153846153847 0.3769230769230769
2 0.6461538461538462 0.0875 0.11538461538461539 0.175
2 0.8057692307692308 0.2519230769230769 0.17307692307692307 0.4346153846153846
2 0.9375 0.05673076923076923 0.03076923076923077 0.05961538461538462