2 0.11346153846153846 0.4182692307692308 0.05576923076923077 0.10576923076923077
2 0.17115384615384616 0.4519230769230769 0.07211538461538461 0.22692307692307692
2 0.3423076923076923 0.5807692307692308 0.12980769230769232 0.33557692307692305
2 0.39807692307692305 0.2230769230769231 0.1201923076923077 0.2846153846153846
2 0.37403846153846154 0.7423076923076923 0.05 0.18269230769230768
2 0.4394230769230769 0.36346153846153845 0.09807692307692308 0.2980769230769231
2 0.4740384615384615 0.7855769230769231 0.09807692307692308 0.2951923076923077
2 0.5865384615384616 0.425 0.09519230769230769 0.36730769230769234
2 0.6951923076923077 0.10576923076923077 0.09519230769230769 0.17307692307692307
2 0.8336538461538462 0.29134615384615387 0.12211538461538461 0.4221153846153846
2 0.9884615384615385 0.11346153846153846 0.023076923076923078 0.057692307692307696