2 0.9576923076923077 0.4048076923076923 0.08461538461538462 0.11346153846153846
2 0.9048076923076923 0.5067307692307692 0.19038461538461537 0.14807692307692308
2 0.9259615384615385 0.11634615384615385 0.14807692307692308 0.09038461538461538
2 0.8336538461538462 0.6317307692307692 0.3192307692307692 0.16346153846153846
2 0.801923076923077 0.20961538461538462 0.39615384615384613 0.16923076923076924
2 0.6826923076923077 0.7980769230769231 0.45 0.28076923076923077
2 0.7230769230769231 0.28173076923076923 0.4846153846153846 0.20384615384615384
2 0.5576923076923077 0.8980769230769231 0.5576923076923077 0.20384615384615384
2 0.5711538461538461 0.3596153846153846 0.4807692307692308 0.20192307692307693
2 0.7211538461538461 0.047115384615384615 0.2173076923076923 0.07115384615384615
2 0.46826923076923077 0.47115384615384615 0.49423076923076925 0.2230769230769231
2 0.4288461538461538 0.07692307692307693 0.4115384615384615 0.15384615384615385
2 0.26346153846153847 0.6076923076923076 0.5076923076923077 0.27307692307692305
2 0.2932692307692308 0.14423076923076922 0.4269230769230769 0.17307692307692307
2 0.19038461538461537 0.7451923076923077 0.38076923076923075 0.2865384615384615
2 0.2759615384615385 0.9615384615384616 0.09038461538461538 0.038461538461538464
2 0.19807692307692307 0.2221153846153846 0.34423076923076923 0.17307692307692307
2 0.1076923076923077 0.8884615384615384 0.2153846153846154 0.15384615384615385
2 0.13365384615384615 0.3269230769230769 0.24423076923076922 0.1576923076923077