2 0.047115384615384615 0.34807692307692306 0.09423076923076923 0.10192307692307692
2 0.09230769230769231 0.4576923076923077 0.18461538461538463 0.12692307692307692
2 0.09711538461538462 0.06442307692307692 0.19423076923076923 0.0673076923076923
2 0.1528846153846154 0.5903846153846154 0.3057692307692308 0.12692307692307692
2 0.22403846153846155 0.17307692307692307 0.4076923076923077 0.1201923076923077
2 0.2826923076923077 0.7740384615384616 0.425 0.23076923076923078
2 0.30480769230769234 0.25576923076923075 0.46923076923076923 0.14711538461538462
2 0.39134615384615384 0.9086538461538461 0.5394230769230769 0.18269230769230768
2 0.4461538461538462 0.35192307692307695 0.4653846153846154 0.14711538461538462
2 0.33557692307692305 0.023076923076923078 0.21346153846153845 0.046153846153846156
2 0.5346153846153846 0.475 0.47692307692307695 0.16538461538461538
2 0.6230769230769231 0.07884615384615384 0.39807692307692305 0.12788461538461537
2 0.7221153846153846 0.635576923076923 0.4846153846153846 0.2153846153846154
2 0.7480769230769231 0.17211538461538461 0.41442307692307695 0.12307692307692308
2 0.7990384615384616 0.7836538461538461 0.4 0.23942307692307693
2 0.6663461538461538 0.9855769230769231 0.0875 0.027884615384615386
2 0.8336538461538462 0.2605769230769231 0.3298076923076923 0.1346153846153846
2 0.8692307692307693 0.9375 0.25961538461538464 0.12307692307692308
2 0.8846153846153846 0.3730769230769231 0.2298076923076923 0.12980769230769232