2 0.9548076923076924 0.3721153846153846 0.09038461538461538 0.10576923076923077
2 0.9067307692307692 0.4778846153846154 0.18653846153846154 0.13653846153846153
2 0.9125 0.08653846153846154 0.175 0.07692307692307693
2 0.8423076923076923 0.6086538461538461 0.31153846153846154 0.1423076923076923
2 0.7923076923076923 0.1875 0.41346153846153844 0.1423076923076923
2 0.7028846153846153 0.7846153846153846 0.43653846153846154 0.2519230769230769
2 0.7076923076923077 0.26634615384615384 0.47692307692307695 0.17115384615384616
2 0.5875 0.9038461538461539 0.5480769230769231 0.19230769230769232
2 0.5615384615384615 0.3548076923076923 0.47307692307692306 0.17115384615384616
2 0.6894230769230769 0.032692307692307694 0.2153846153846154 0.057692307692307696
2 0.46634615384615385 0.47307692307692306 0.4846153846153846 0.19038461538461537
2 0.39807692307692305 0.07307692307692308 0.40384615384615385 0.14615384615384616
2 0.27115384615384613 0.6240384615384615 0.49615384615384617 0.2403846153846154
2 0.2692307692307692 0.1596153846153846 0.42115384615384616 0.14423076923076922
2 0.19615384615384615 0.7663461538461539 0.3923076923076923 0.25961538461538464
2 0.30865384615384617 0.9759615384615384 0.08846153846153847 0.032692307692307694
2 0.1798076923076923 0.24326923076923077 0.33653846153846156 0.1519230769230769
2 0.1201923076923077 0.9163461538461538 0.2403846153846154 0.13653846153846153
2 0.12211538461538461 0.3528846153846154 0.23653846153846153 0.1423076923076923