0 0.13076923076923078 0.5615384615384615 0.26153846153846155 0.6384615384615384
0 0.0625 0.08653846153846154 0.03653846153846154 0.04038461538461539
0 0.10384615384615385 0.025 0.01730769230769231 0.026923076923076925
0 0.12211538461538461 0.009615384615384616 0.04038461538461539 0.019230769230769232
0 0.2519230769230769 0.15 0.1576923076923077 0.2403846153846154
0 0.24903846153846154 0.7317307692307692 0.04038461538461539 0.051923076923076926
0 0.3798076923076923 0.057692307692307696 0.1596153846153846 0.11538461538461539
0 0.29134615384615387 0.5067307692307692 0.01730769230769231 0.03076923076923077
0 0.30480769230769234 0.4778846153846154 0.013461538461538462 0.025
0 0.33076923076923076 0.6394230769230769 0.03461538461538462 0.04230769230769231
0 0.32403846153846155 0.8903846153846153 0.023076923076923078 0.032692307692307694
0 0.33653846153846156 0.9326923076923077 0.03653846153846154 0.038461538461538464
0 0.35096153846153844 0.7951923076923076 0.023076923076923078 0.03653846153846154
0 0.3721153846153846 0.7865384615384615 0.026923076923076925 0.03461538461538462
0 0.3682692307692308 0.8625 0.023076923076923078 0.03076923076923077
0 0.40673076923076923 0.6326923076923077 0.021153846153846155 0.025
0 0.5038461538461538 0.01826923076923077 0.03076923076923077 0.03653846153846154
0 0.6067307692307692 0.08557692307692308 0.019230769230769232 0.021153846153846155
0 0.6240384615384615 0.0673076923076923 0.019230769230769232 0.028846153846153848
0 0.6432692307692308 0.07019230769230769 0.023076923076923078 0.026923076923076925