0 0.36923076923076925 0.7423076923076923 0.12115384615384615 0.14807692307692308
0 0.16442307692307692 0.2865384615384615 0.11730769230769231 0.1326923076923077
0 0.2721153846153846 0.4394230769230769 0.12307692307692308 0.1423076923076923
0 0.35673076923076924 0.35 0.08846153846153847 0.10384615384615385
0 0.3730769230769231 0.5038461538461538 0.1 0.12307692307692308
0 0.30096153846153845 0.9192307692307692 0.08846153846153847 0.10576923076923077
0 0.3903846153846154 0.6846153846153846 0.09807692307692308 0.08076923076923077
0 0.5721153846153846 0.29615384615384616 0.0673076923076923 0.08461538461538462
0 0.5096153846153846 0.8 0.12884615384615383 0.15384615384615385
0 0.6153846153846154 0.41442307692307695 0.11346153846153846 0.11346153846153846
0 0.5528846153846154 0.5971153846153846 0.051923076923076926 0.05576923076923077
0 0.6875 0.26634615384615384 0.11730769230769231 0.11730769230769231
0 0.6394230769230769 0.7788461538461539 0.16153846153846155 0.17692307692307693
0 0.7028846153846153 0.7471153846153846 0.08653846153846154 0.10384615384615385
0 0.7721153846153846 0.6067307692307692 0.07115384615384615 0.11730769230769231
0 0.8134615384615385 0.5182692307692308 0.09038461538461538 0.08076923076923077
0 0.8105769230769231 0.8490384615384615 0.075 0.09038461538461538
0 0.9105769230769231 0.6461538461538462 0.13076923076923078 0.14423076923076922
0 0.9711538461538461 0.5288461538461539 0.057692307692307696 0.06153846153846154