0 0.3778846153846154 0.7461538461538462 0.11730769230769231 0.14615384615384616
0 0.15673076923076923 0.2980769230769231 0.11346153846153846 0.13076923076923078
0 0.2701923076923077 0.44711538461538464 0.11923076923076924 0.14038461538461539
0 0.35192307692307695 0.3548076923076923 0.08653846153846154 0.10192307692307692
0 0.3730769230769231 0.5086538461538461 0.09615384615384616 0.12115384615384615
0 0.3153846153846154 0.9259615384615385 0.08653846153846154 0.10384615384615385
0 0.3971153846153846 0.6884615384615385 0.09615384615384616 0.07692307692307693
0 0.5644230769230769 0.29423076923076924 0.06538461538461539 0.08269230769230769
0 0.5201923076923077 0.8 0.12307692307692308 0.1519230769230769
0 0.6125 0.41057692307692306 0.11153846153846154 0.11153846153846154
0 0.5557692307692308 0.5951923076923077 0.05 0.05576923076923077
0 0.6788461538461539 0.25961538461538464 0.11346153846153846 0.11346153846153846
0 0.6490384615384616 0.7740384615384616 0.15576923076923077 0.17307692307692307
0 0.7105769230769231 0.739423076923077 0.08269230769230769 0.10192307692307692
0 0.7759615384615385 0.5971153846153846 0.0673076923076923 0.11730769230769231
0 0.8144230769230769 0.5067307692307692 0.08846153846153847 0.07884615384615384
0 0.8221153846153846 0.8375 0.07115384615384615 0.08846153846153847
0 0.9153846153846154 0.6317307692307692 0.12692307692307692 0.14038461538461539
0 0.9711538461538461 0.5125 0.057692307692307696 0.05961538461538462