2 0.06923076923076923 0.6394230769230769 0.13846153846153847 0.24423076923076922
2 0.047115384615384615 0.4230769230769231 0.09423076923076923 0.24615384615384617
2 0.0625 0.2125 0.125 0.24423076923076922
2 0.06153846153846154 0.41057692307692306 0.12307692307692308 0.22884615384615384
2 0.13173076923076923 0.6221153846153846 0.14807692307692308 0.2326923076923077
2 0.12115384615384615 0.3721153846153846 0.16153846153846155 0.20961538461538462
2 0.2201923076923077 0.5240384615384616 0.2230769230769231 0.2903846153846154
2 0.14134615384615384 0.2932692307692308 0.12115384615384615 0.13076923076923078
2 0.12692307692307692 0.125 0.14807692307692308 0.12115384615384615
2 0.24326923076923077 0.33365384615384613 0.15384615384615385 0.17115384615384616
2 0.23557692307692307 0.18846153846153846 0.20384615384615384 0.2673076923076923
2 0.4028846153846154 0.6692307692307692 0.16153846153846155 0.17692307692307693
2 0.4076923076923077 0.5807692307692308 0.21153846153846154 0.27307692307692305
2 0.36730769230769234 0.125 0.18846153846153846 0.23653846153846153
2 0.5317307692307692 0.7057692307692308 0.11538461538461539 0.14807692307692308
2 0.475 0.23461538461538461 0.2153846153846154 0.27884615384615385
2 0.5586538461538462 0.4346153846153846 0.20961538461538462 0.27307692307692305
2 0.6990384615384615 0.8105769230769231 0.18461538461538463 0.19615384615384615
2 0.6932692307692307 0.7461538461538462 0.16153846153846155 0.19230769230769232
2 0.6903846153846154 0.6298076923076923 0.18269230769230768 0.2326923076923077
2 0.6403846153846153 0.4173076923076923 0.16346153846153846 0.24807692307692308
2 0.7730769230769231 0.5538461538461539 0.18461538461538463 0.25769230769230766