2 0.05480769230769231 0.5846153846153846 0.10961538461538461 0.23846153846153847
2 0.047115384615384615 0.36538461538461536 0.09423076923076923 0.23846153846153847
2 0.07596153846153846 0.15673076923076923 0.1519230769230769 0.22884615384615384
2 0.0625 0.35673076923076924 0.125 0.22115384615384615
2 0.1201923076923077 0.5769230769230769 0.12307692307692308 0.225
2 0.13942307692307693 0.3269230769230769 0.1423076923076923 0.19807692307692307
2 0.2201923076923077 0.4894230769230769 0.19615384615384615 0.275
2 0.16923076923076924 0.25096153846153846 0.11153846153846154 0.12115384615384615
2 0.17596153846153847 0.08269230769230769 0.14038461538461539 0.1076923076923077
2 0.2653846153846154 0.3038461538461538 0.14038461538461539 0.1596153846153846
2 0.2759615384615385 0.15865384615384615 0.17692307692307693 0.25384615384615383
2 0.3836538461538462 0.6557692307692308 0.14807692307692308 0.16538461538461538
2 0.39903846153846156 0.5682692307692307 0.18653846153846154 0.25961538461538464
2 0.41346153846153844 0.11153846153846154 0.1673076923076923 0.2230769230769231
2 0.5057692307692307 0.7086538461538462 0.10192307692307692 0.14038461538461539
2 0.5076923076923077 0.23365384615384616 0.19038461538461537 0.2653846153846154
2 0.5663461538461538 0.4423076923076923 0.18269230769230768 0.25961538461538464
2 0.6596153846153846 0.8326923076923077 0.1673076923076923 0.18269230769230768
2 0.6615384615384615 0.7682692307692308 0.14423076923076922 0.18076923076923077
2 0.6730769230769231 0.6519230769230769 0.16153846153846155 0.22115384615384615
2 0.6490384615384616 0.4355769230769231 0.14038461538461539 0.2403846153846154
2 0.7644230769230769 0.5865384615384616 0.1596153846153846 0.24807692307692308