3 0.0875 0.7778846153846154 0.06057692307692308 0.09807692307692308
3 0.09903846153846153 0.8259615384615384 0.047115384615384615 0.035576923076923075
3 0.12884615384615383 0.7288461538461538 0.06538461538461539 0.1
3 0.1528846153846154 0.7923076923076923 0.06057692307692308 0.08942307692307692
3 0.18942307692307692 0.7625 0.057692307692307696 0.09038461538461538
3 0.19807692307692307 0.6442307692307693 0.06538461538461539 0.1
3 0.20961538461538462 0.5307692307692308 0.06057692307692308 0.08557692307692308
3 0.3019230769230769 0.3528846153846154 0.08557692307692308 0.17307692307692307
3 0.33076923076923076 0.9221153846153847 0.0625 0.1
3 0.3721153846153846 0.3557692307692308 0.10961538461538461 0.175
3 0.3942307692307692 0.5096153846153846 0.09038461538461538 0.1596153846153846
3 0.4394230769230769 0.7336538461538461 0.08942307692307692 0.14807692307692308
3 0.47884615384615387 0.3230769230769231 0.10961538461538461 0.1701923076923077
3 0.5423076923076923 0.1798076923076923 0.09807692307692308 0.1528846153846154
3 0.5480769230769231 0.48653846153846153 0.09519230769230769 0.125
3 0.5307692307692308 0.85 0.052884615384615384 0.08269230769230769
3 0.6682692307692307 0.8480769230769231 0.0798076923076923 0.1201923076923077
3 0.7625 0.6615384615384615 0.0798076923076923 0.11442307692307692
3 0.8673076923076923 0.6557692307692308 0.06057692307692308 0.10192307692307692
3 0.9211538461538461 0.6048076923076923 0.06538461538461539 0.10192307692307692