1 0.17884615384615385 0.9201923076923076 0.19230769230769232 0.1596153846153846
1 0.1 0.6663461538461538 0.19423076923076923 0.2519230769230769
1 0.057692307692307696 0.35 0.11538461538461539 0.23846153846153847
1 0.34326923076923077 0.8413461538461539 0.2153846153846154 0.225
1 0.28557692307692306 0.5942307692307692 0.21923076923076923 0.22692307692307692
1 0.2173076923076923 0.3230769230769231 0.2153846153846154 0.2423076923076923
1 0.17884615384615385 0.11346153846153846 0.15384615384615385 0.11730769230769231
1 0.43653846153846154 0.9826923076923076 0.08076923076923077 0.03461538461538462
1 0.5394230769230769 0.9230769230769231 0.14807692307692308 0.15384615384615385
1 0.4913461538461538 0.7375 0.14615384615384616 0.16538461538461538
1 0.4423076923076923 0.5326923076923077 0.14807692307692308 0.16923076923076924
1 0.3875 0.3125 0.15 0.18461538461538463
1 0.34134615384615385 0.1076923076923077 0.15 0.18269230769230768
1 0.6846153846153846 0.49038461538461536 0.6307692307692307 0.9807692307692307