1 0.06634615384615385 0.8769230769230769 0.1326923076923077 0.24423076923076922
1 0.07019230769230769 0.5567307692307693 0.14038461538461539 0.2230769230769231
1 0.07307692307692308 0.23076923076923078 0.1451923076923077 0.2076923076923077
1 0.2605769230769231 0.7894230769230769 0.17307692307692307 0.1875
1 0.26826923076923076 0.5355769230769231 0.17692307692307693 0.1875
1 0.27307692307692305 0.25576923076923075 0.1673076923076923 0.20576923076923076
1 0.28942307692307695 0.04326923076923077 0.13557692307692307 0.08557692307692308
1 0.30865384615384617 0.9692307692307692 0.0673076923076923 0.06057692307692308
1 0.42596153846153845 0.926923076923077 0.11538461538461539 0.14423076923076922
1 0.42980769230769234 0.7269230769230769 0.11442307692307692 0.14038461538461539
1 0.4355769230769231 0.5163461538461539 0.11538461538461539 0.14423076923076922
1 0.4403846153846154 0.28942307692307695 0.1125 0.1605769230769231
1 0.4480769230769231 0.0798076923076923 0.1125 0.1596153846153846
1 0.7490384615384615 0.49903846153846154 0.5 0.9980769230769231