1 0.8692307692307693 0.8798076923076923 0.1326923076923077 0.20961538461538462
1 0.14326923076923076 0.8 0.1971153846153846 0.1875
1 0.5605769230769231 0.8096153846153846 0.1701923076923077 0.19807692307692307
4 0.06057692307692308 0.2923076923076923 0.12115384615384615 0.3923076923076923
4 0.1528846153846154 0.2692307692307692 0.1548076923076923 0.425
4 0.2798076923076923 0.2653846153846154 0.12692307692307692 0.44519230769230766
4 0.3644230769230769 0.28557692307692306 0.17307692307692307 0.3855769230769231
4 0.4701923076923077 0.2644230769230769 0.1451923076923077 0.42788461538461536
4 0.5596153846153846 0.28942307692307695 0.13076923076923078 0.38269230769230766
4 0.6692307692307692 0.28076923076923077 0.10961538461538461 0.39807692307692305
4 0.7721153846153846 0.25769230769230766 0.11730769230769231 0.4326923076923077
4 0.8788461538461538 0.3076923076923077 0.16923076923076924 0.3375
4 0.9490384615384615 0.28557692307692306 0.1 0.3644230769230769