2 0.02980769230769231 0.7105769230769231 0.057692307692307696 0.1
2 0.021153846153846155 0.7240384615384615 0.014423076923076924 0.02980769230769231
2 0.028846153846153848 0.6788461538461539 0.009615384615384616 0.020192307692307693
2 0.12692307692307692 0.7644230769230769 0.18557692307692308 0.33076923076923076
2 0.2173076923076923 0.7442307692307693 0.02980769230769231 0.03461538461538462
2 0.225 0.7798076923076923 0.027884615384615386 0.032692307692307694
2 0.2230769230769231 0.65 0.020192307692307693 0.035576923076923075
2 0.2528846153846154 0.7730769230769231 0.023076923076923078 0.026923076923076925
2 0.25576923076923075 0.5951923076923077 0.01730769230769231 0.02980769230769231
2 0.3144230769230769 0.5442307692307692 0.10288461538461538 0.13942307692307693
2 0.28173076923076923 0.775 0.01730769230769231 0.032692307692307694
2 0.32211538461538464 0.325 0.01730769230769231 0.027884615384615386
2 0.3317307692307692 0.35384615384615387 0.020192307692307693 0.02980769230769231
2 0.33365384615384613 0.28365384615384615 0.015384615384615385 0.02980769230769231
2 0.34615384615384615 0.2721153846153846 0.007692307692307693 0.022115384615384617
2 0.3528846153846154 0.27692307692307694 0.01730769230769231 0.02980769230769231
2 0.36923076923076925 0.19038461538461537 0.01730769230769231 0.032692307692307694
2 0.4028846153846154 0.2144230769230769 0.07788461538461539 0.11442307692307692
2 0.4028846153846154 0.2846153846153846 0.023076923076923078 0.035576923076923075
2 0.4394230769230769 0.3230769230769231 0.025 0.026923076923076925
2 0.4855769230769231 0.21153846153846154 0.026923076923076925 0.032692307692307694
2 0.48365384615384616 0.18846153846153846 0.01730769230769231 0.019230769230769232