3 0.15 0.65 0.04230769230769231 0.06538461538461539
3 0.1875 0.6134615384615385 0.046153846153846156 0.05961538461538462
3 0.18846153846153846 0.6615384615384615 0.04230769230769231 0.051923076923076926
3 0.21923076923076923 0.2903846153846154 0.05961538461538462 0.051923076923076926
3 0.2153846153846154 0.17692307692307693 0.04807692307692308 0.051923076923076926
3 0.2153846153846154 0.20096153846153847 0.04423076923076923 0.05576923076923077
3 0.23942307692307693 0.24423076923076922 0.05961538461538462 0.06153846153846154
3 0.24326923076923077 0.3855769230769231 0.05576923076923077 0.09423076923076923
3 0.25576923076923075 0.13942307692307693 0.028846153846153848 0.03076923076923077
3 0.2701923076923077 0.19326923076923078 0.046153846153846156 0.04230769230769231
3 0.2673076923076923 0.16442307692307692 0.03653846153846154 0.046153846153846156
3 0.2778846153846154 0.3173076923076923 0.051923076923076926 0.04807692307692308
3 0.30288461538461536 0.5903846153846154 0.05 0.07307692307692308
3 0.29423076923076924 0.23846153846153847 0.04038461538461539 0.05
3 0.31153846153846154 0.6730769230769231 0.046153846153846156 0.125
3 0.31153846153846154 0.5548076923076923 0.04807692307692308 0.10961538461538461
3 0.3153846153846154 0.27692307692307694 0.04230769230769231 0.051923076923076926
3 0.3125 0.14615384615384616 0.032692307692307694 0.03653846153846154
3 0.33365384615384613 0.7173076923076923 0.038461538461538464 0.07307692307692308
3 0.34326923076923077 0.22596153846153846 0.046153846153846156 0.06538461538461539
3 0.3644230769230769 0.7548076923076923 0.06346153846153846 0.07307692307692308
3 0.34807692307692306 0.5086538461538461 0.03653846153846154 0.04038461538461539
3 0.35673076923076924 0.6134615384615385 0.04230769230769231 0.06538461538461539
3 0.35673076923076924 0.5567307692307693 0.04038461538461539 0.057692307692307696
3 0.3528846153846154 0.12596153846153846 0.03076923076923077 0.051923076923076926
3 0.3769230769230769 0.8 0.046153846153846156 0.08076923076923077
3 0.3701923076923077 0.2586538461538462 0.04230769230769231 0.04230769230769231
3 0.3701923076923077 0.16538461538461538 0.046153846153846156 0.05576923076923077
3 0.3923076923076923 0.6836538461538462 0.06538461538461539 0.10384615384615385
3 0.3798076923076923 0.19230769230769232 0.051923076923076926 0.07307692307692308
3 0.4 0.9153846153846154 0.06153846153846154 0.09230769230769231
3 0.39615384615384613 0.6125 0.05576923076923077 0.08461538461538462
3 0.39903846153846156 0.8442307692307692 0.04423076923076923 0.06538461538461539
3 0.3971153846153846 0.5336538461538461 0.03653846153846154 0.07884615384615384
3 0.4009615384615385 0.48846153846153845 0.03461538461538462 0.03653846153846154
3 0.41634615384615387 0.31634615384615383 0.06153846153846154 0.07692307692307693
3 0.43365384615384617 0.9644230769230769 0.07115384615384615 0.07115384615384615
3 0.42596153846153845 0.6615384615384615 0.04230769230769231 0.04807692307692308
3 0.4355769230769231 0.7942307692307692 0.05384615384615385 0.07115384615384615
3 0.43846153846153846 0.6951923076923077 0.046153846153846156 0.0673076923076923
3 0.45865384615384613 0.8865384615384615 0.07307692307692308 0.11923076923076924
3 0.44134615384615383 0.6028846153846154 0.04230769230769231 0.07115384615384615
3 0.4480769230769231 0.5442307692307692 0.057692307692307696 0.07307692307692308
3 0.4403846153846154 0.4971153846153846 0.025 0.04807692307692308
3 0.46826923076923077 0.7432692307692308 0.05576923076923077 0.06538461538461539
3 0.46442307692307694 0.6336538461538461 0.03653846153846154 0.09807692307692308
3 0.47692307692307695 0.4740384615384615 0.046153846153846156 0.05576923076923077
3 0.48365384615384616 0.5307692307692308 0.05 0.08076923076923077
3 0.4951923076923077 0.8278846153846153 0.06153846153846154 0.06538461538461539
3 0.5125 0.9038461538461539 0.046153846153846156 0.08846153846153847
3 0.5125 0.7125 0.028846153846153848 0.08076923076923077
3 0.5221153846153846 0.6365384615384615 0.051923076923076926 0.057692307692307696
3 0.5182692307692308 0.5173076923076924 0.04038461538461539 0.06538461538461539
3 0.5355769230769231 0.5769230769230769 0.04423076923076923 0.06923076923076923
3 0.5471153846153847 0.7048076923076924 0.04423076923076923 0.05961538461538462
3 0.5663461538461538 0.7730769230769231 0.0673076923076923 0.07307692307692308
3 0.5644230769230769 0.8682692307692308 0.05384615384615385 0.09807692307692308
3 0.5711538461538461 0.6019230769230769 0.04807692307692308 0.075
3 0.5653846153846154 0.5442307692307692 0.025 0.028846153846153848
3 0.5855769230769231 0.6644230769230769 0.05384615384615385 0.075
3 0.6076923076923076 0.8423076923076923 0.05576923076923077 0.10576923076923077
3 0.6211538461538462 0.8134615384615385 0.06923076923076923 0.08269230769230769
3 0.6259615384615385 0.7346153846153847 0.06346153846153846 0.0673076923076923
3 0.6230769230769231 0.6865384615384615 0.04807692307692308 0.023076923076923078
3 0.625 0.625 0.04038461538461539 0.06538461538461539
3 0.6663461538461538 0.7951923076923076 0.05384615384615385 0.09423076923076923