2 0.03942307692307692 0.2932692307692308 0.046153846153846156 0.09038461538461538
2 0.175 0.7759615384615385 0.09038461538461538 0.18461538461538463
2 0.25576923076923075 0.11057692307692307 0.06346153846153846 0.07307692307692308
2 0.32884615384615384 0.7875 0.21923076923076923 0.4096153846153846
2 0.3057692307692308 0.2586538461538462 0.08461538461538462 0.11730769230769231
2 0.36730769230769234 0.42788461538461536 0.11538461538461539 0.2923076923076923
2 0.6923076923076923 0.25769230769230766 0.43653846153846154 0.5153846153846153
2 0.7721153846153846 0.8 0.16153846153846155 0.25769230769230766
2 0.7644230769230769 0.7201923076923077 0.12307692307692308 0.08846153846153847
2 0.8192307692307692 0.1125 0.18461538461538463 0.20961538461538462
2 0.8086538461538462 0.8903846153846153 0.0673076923076923 0.075
2 0.9365384615384615 0.2951923076923077 0.12692307692307692 0.19423076923076923
2 0.9711538461538461 0.8471153846153846 0.03653846153846154 0.08653846153846154