2 0.032692307692307694 0.3096153846153846 0.04230769230769231 0.08942307692307692
2 0.18461538461538463 0.7875 0.08461538461538462 0.18269230769230768
2 0.2423076923076923 0.11923076923076924 0.06057692307692308 0.07019230769230769
2 0.33942307692307694 0.7932692307692307 0.2048076923076923 0.4028846153846154
2 0.2971153846153846 0.2653846153846154 0.08076923076923077 0.11442307692307692
2 0.3644230769230769 0.4326923076923077 0.10480769230769231 0.28942307692307695
2 0.6836538461538462 0.25096153846153846 0.41923076923076924 0.5019230769230769
2 0.7826923076923077 0.7903846153846154 0.1519230769230769 0.2519230769230769
2 0.7721153846153846 0.7105769230769231 0.1201923076923077 0.08461538461538462
2 0.8057692307692308 0.10192307692307692 0.17692307692307693 0.20288461538461539
2 0.8221153846153846 0.8798076923076923 0.06538461538461539 0.07307692307692308
2 0.9346153846153846 0.2798076923076923 0.13076923076923078 0.19038461538461537
2 0.9826923076923076 0.8307692307692308 0.032692307692307694 0.08461538461538462