0 0.04807692307692308 0.16826923076923078 0.09519230769230769 0.175
0 0.05096153846153846 0.4028846153846154 0.10192307692307692 0.13076923076923078
0 0.09711538461538462 0.03942307692307692 0.19423076923076923 0.07788461538461539
0 0.14423076923076922 0.6692307692307692 0.28846153846153844 0.41923076923076924
0 0.06153846153846154 0.9528846153846153 0.11730769230769231 0.09230769230769231
0 0.16923076923076924 0.22884615384615384 0.12980769230769232 0.0798076923076923
0 0.2673076923076923 0.40673076923076923 0.2201923076923077 0.2221153846153846
0 0.22692307692307692 0.06057692307692308 0.12211538461538461 0.06442307692307692
0 0.2692307692307692 0.2605769230769231 0.1625 0.13557692307692307
0 0.3894230769230769 0.8807692307692307 0.3298076923076923 0.23461538461538461
0 0.3192307692307692 0.1346153846153846 0.14038461538461539 0.16442307692307692
0 0.4076923076923077 0.035576923076923075 0.2403846153846154 0.07019230769230769
0 0.4288461538461538 0.7048076923076924 0.24519230769230768 0.2
0 0.48173076923076924 0.1625 0.1701923076923077 0.19807692307692307
0 0.5346153846153846 0.3836538461538462 0.2692307692307692 0.33076923076923076
0 0.7326923076923076 0.1528846153846154 0.4269230769230769 0.3057692307692308
0 0.7201923076923077 0.8653846153846154 0.3057692307692308 0.2673076923076923
0 0.698076923076923 0.6307692307692307 0.2423076923076923 0.1951923076923077
0 0.7336538461538461 0.43365384615384617 0.19230769230769232 0.2423076923076923
0 0.8769230769230769 0.3605769230769231 0.24519230769230768 0.38269230769230766
0 0.8692307692307693 0.9826923076923076 0.10480769230769231 0.032692307692307694
0 0.9163461538461538 0.5980769230769231 0.1673076923076923 0.1875
0 0.9423076923076923 0.8096153846153846 0.11538461538461539 0.2153846153846154
0 0.9576923076923077 0.9778846153846154 0.08269230769230769 0.04230769230769231