0 0.03365384615384615 0.225 0.0673076923076923 0.18461538461538463
0 0.05 0.4576923076923077 0.1 0.1423076923076923
0 0.07211538461538461 0.09134615384615384 0.14423076923076922 0.10192307692307692
0 0.1673076923076923 0.7105769230769231 0.3346153846153846 0.4519230769230769
0 0.11923076923076924 0.975 0.12692307692307692 0.05
0 0.13846153846153847 0.27115384615384613 0.13846153846153847 0.09423076923076923
0 0.25769230769230766 0.4355769230769231 0.24615384615384617 0.24807692307692308
0 0.175 0.09711538461538462 0.12884615384615383 0.07884615384615384
0 0.24134615384615385 0.2903846153846154 0.17692307692307693 0.15384615384615385
0 0.4355769230769231 0.8769230769230769 0.3557692307692308 0.24615384615384617
0 0.2759615384615385 0.1596153846153846 0.1596153846153846 0.18076923076923077
0 0.35192307692307695 0.05 0.24807692307692308 0.09807692307692308
0 0.4548076923076923 0.7115384615384616 0.2673076923076923 0.22884615384615384
0 0.4403846153846154 0.1673076923076923 0.19230769230769232 0.2173076923076923
0 0.5201923076923077 0.38076923076923075 0.3076923076923077 0.36153846153846153
0 0.6884615384615385 0.1519230769230769 0.46153846153846156 0.3038461538461538
0 0.7634615384615384 0.8355769230769231 0.33653846153846156 0.3019230769230769
0 0.7125 0.6057692307692307 0.26346153846153847 0.2230769230769231
0 0.7240384615384615 0.40576923076923077 0.22115384615384615 0.26346153846153847
0 0.8557692307692307 0.3144230769230769 0.28846153846153844 0.4096153846153846
0 0.925 0.9336538461538462 0.1076923076923077 0.046153846153846156
0 0.9153846153846154 0.5451923076923076 0.16923076923076924 0.20576923076923076
0 0.9528846153846153 0.7538461538461538 0.09423076923076923 0.22692307692307692
0 0.9846153846153847 0.9182692307692307 0.03076923076923077 0.051923076923076926