3 0.6298076923076923 0.18942307692307692 0.14807692307692308 0.15576923076923077
3 0.698076923076923 0.3192307692307692 0.11730769230769231 0.16923076923076924
3 0.7759615384615385 0.4230769230769231 0.18269230769230768 0.18461538461538463
3 0.7096153846153846 0.13942307692307693 0.09807692307692308 0.11923076923076924
3 0.7278846153846154 0.22884615384615384 0.08846153846153847 0.12115384615384615
3 0.7826923076923077 0.27403846153846156 0.14807692307692308 0.17115384615384616
3 0.7692307692307693 0.16923076923076924 0.10384615384615385 0.14807692307692308
3 0.8480769230769231 0.25096153846153846 0.11346153846153846 0.16153846153846155
3 0.9028846153846154 0.3548076923076923 0.11730769230769231 0.125
3 0.8471153846153846 0.14326923076923076 0.09807692307692308 0.08846153846153847
3 0.8586538461538461 0.10480769230769231 0.0673076923076923 0.05961538461538462
3 0.9086538461538461 0.19807692307692307 0.07115384615384615 0.11346153846153846