0 0.5 0.7721153846153846 0.05961538461538462 0.04230769230769231
0 0.5375 0.7798076923076923 0.05384615384615385 0.046153846153846156
0 0.6221153846153846 0.39134615384615384 0.038461538461538464 0.05576923076923077
0 0.5788461538461539 0.7971153846153847 0.04230769230769231 0.026923076923076925
0 0.6538461538461539 0.7451923076923077 0.06346153846153846 0.05
0 0.6423076923076924 0.9682692307692308 0.023076923076923078 0.032692307692307694
0 0.7365384615384616 0.6067307692307692 0.04807692307692308 0.04038461538461539
0 0.7086538461538462 0.9413461538461538 0.06153846153846154 0.04423076923076923
0 0.725 0.9038461538461539 0.05576923076923077 0.046153846153846156
0 0.7884615384615384 0.5653846153846154 0.07884615384615384 0.051923076923076926
0 0.7519230769230769 0.8701923076923077 0.038461538461538464 0.03076923076923077
0 0.8105769230769231 0.5875 0.08461538461538462 0.05384615384615385
0 0.8096153846153846 0.8846153846153846 0.05 0.03653846153846154
0 0.8913461538461539 0.4951923076923077 0.10192307692307692 0.07884615384615384