0 0.5326923076923077 0.7701923076923077 0.05480769230769231 0.035576923076923075
0 0.5711538461538461 0.7730769230769231 0.05 0.03942307692307692
0 0.6076923076923076 0.3769230769230769 0.032692307692307694 0.052884615384615384
0 0.614423076923077 0.7855769230769231 0.03942307692307692 0.023076923076923078
0 0.6826923076923077 0.725 0.05961538461538462 0.04230769230769231
0 0.698076923076923 0.9471153846153846 0.019230769230769232 0.03076923076923077
0 0.7480769230769231 0.5769230769230769 0.04423076923076923 0.035576923076923075
0 0.760576923076923 0.9125 0.057692307692307696 0.0375
0 0.7721153846153846 0.8730769230769231 0.051923076923076926 0.03942307692307692
0 0.7942307692307692 0.5298076923076923 0.075 0.04230769230769231
0 0.7951923076923076 0.8365384615384616 0.035576923076923075 0.026923076923076925
0 0.8192307692307692 0.5490384615384616 0.08076923076923077 0.04423076923076923
0 0.8538461538461538 0.8442307692307692 0.047115384615384615 0.03076923076923077
0 0.8875 0.44711538461538464 0.09519230769230769 0.0673076923076923
0 0.8682692307692308 0.9778846153846154 0.03942307692307692 0.026923076923076925