0 0.5134615384615384 0.7721153846153846 0.057692307692307696 0.038461538461538464
0 0.551923076923077 0.7769230769230769 0.051923076923076926 0.04230769230769231
0 0.6163461538461539 0.38461538461538464 0.03653846153846154 0.05576923076923077
0 0.5942307692307692 0.7932692307692307 0.04038461538461539 0.025
0 0.6663461538461538 0.7375 0.06153846153846154 0.046153846153846156
0 0.6663461538461538 0.9596153846153846 0.021153846153846155 0.032692307692307694
0 0.7423076923076923 0.5942307692307692 0.046153846153846156 0.038461538461538464
0 0.7307692307692307 0.9298076923076923 0.05961538461538462 0.04230769230769231
0 0.7451923076923077 0.8913461538461539 0.05384615384615385 0.04230769230769231
0 0.7913461538461538 0.55 0.07692307692307693 0.04807692307692308
0 0.7711538461538462 0.8567307692307692 0.03653846153846154 0.028846153846153848
0 0.8153846153846154 0.5711538461538461 0.08461538461538462 0.05
0 0.8288461538461539 0.8682692307692308 0.05 0.03461538461538462
0 0.8903846153846153 0.4740384615384615 0.1 0.07307692307692308
0 0.8336538461538462 0.9942307692307693 0.04038461538461539 0.011538461538461539