1 0.8298076923076924 0.5019230769230769 0.1125 0.18942307692307692
1 0.42980769230769234 0.09230769230769231 0.015384615384615385 0.04807692307692308
1 0.4442307692307692 0.11442307692307692 0.03076923076923077 0.09711538461538462
1 0.4855769230769231 0.15384615384615385 0.052884615384615384 0.08269230769230769
4 0.08269230769230769 0.8663461538461539 0.16538461538461538 0.25769230769230766
4 0.14423076923076922 0.7230769230769231 0.2423076923076923 0.551923076923077
4 0.2375 0.6692307692307692 0.4221153846153846 0.4307692307692308
4 0.1875 0.7192307692307692 0.21923076923076923 0.3423076923076923
4 0.1375 0.03076923076923077 0.05 0.06057692307692308
4 0.22115384615384615 0.04326923076923077 0.08942307692307692 0.08557692307692308
4 0.375 0.9230769230769231 0.2125 0.1519230769230769
4 0.3923076923076923 0.09038461538461538 0.06442307692307692 0.18076923076923077
4 0.45096153846153847 0.09903846153846153 0.05576923076923077 0.19230769230769232
4 0.5028846153846154 0.1875 0.051923076923076926 0.051923076923076926