1 0.8278846153846153 0.46153846153846156 0.1346153846153846 0.20192307692307693
1 0.38076923076923075 0.10384615384615385 0.021153846153846155 0.05
1 0.39807692307692305 0.12403846153846154 0.04230769230769231 0.1
1 0.44326923076923075 0.15865384615384615 0.06346153846153846 0.08846153846153847
4 0.13076923076923078 0.8884615384615384 0.19615384615384615 0.2230769230769231
4 0.17307692307692307 0.7375 0.3076923076923077 0.525
4 0.25961538461538464 0.7 0.47115384615384615 0.47884615384615387
4 0.21634615384615385 0.7557692307692307 0.25961538461538464 0.36730769230769234
4 0.08269230769230769 0.07884615384615384 0.057692307692307696 0.06538461538461539
4 0.1673076923076923 0.08076923076923077 0.1 0.09615384615384616
4 0.42788461538461536 0.9230769230769231 0.22884615384615384 0.15384615384615385
4 0.34326923076923077 0.10673076923076923 0.08653846153846154 0.18653846153846154
4 0.4028846153846154 0.1076923076923077 0.07884615384615384 0.19807692307692307
4 0.46442307692307694 0.18942307692307692 0.057692307692307696 0.057692307692307696