1 0.1778846153846154 0.5701923076923077 0.15 0.20961538461538462
1 0.48365384615384616 0.08653846153846154 0.025 0.05
1 0.4740384615384615 0.11153846153846154 0.05 0.10192307692307692
1 0.4423076923076923 0.15865384615384615 0.06923076923076923 0.09230769230769231
4 0.9384615384615385 0.7701923076923077 0.12307692307692308 0.2865384615384615
4 0.8586538461538461 0.6432692307692308 0.2826923076923077 0.5903846153846154
4 0.7701923076923077 0.6105769230769231 0.4596153846153846 0.5096153846153846
4 0.8509615384615384 0.6490384615384616 0.2865384615384615 0.38076923076923075
4 0.6778846153846154 0.023076923076923078 0.10576923076923077 0.046153846153846156
4 0.7105769230769231 0.8875 0.2403846153846154 0.19230769230769232
4 0.5192307692307693 0.08557692307692308 0.1 0.17115384615384616
4 0.46442307692307694 0.09903846153846153 0.09423076923076923 0.19807692307692307
4 0.43173076923076925 0.1951923076923077 0.06153846153846154 0.06153846153846154