1 0.28076923076923077 0.4480769230769231 0.2528846153846154 0.19423076923076923
3 0.5461538461538461 0.5605769230769231 0.12692307692307692 0.1125
3 0.014423076923076924 0.3903846153846154 0.028846153846153848 0.06153846153846154
3 0.41634615384615387 0.5211538461538462 0.11057692307692307 0.08942307692307692
3 0.46057692307692305 0.46057692307692305 0.08461538461538462 0.075
3 0.5384615384615384 0.4355769230769231 0.07019230769230769 0.09038461538461538
3 0.5894230769230769 0.48653846153846153 0.09423076923076923 0.09807692307692308
3 0.6875 0.5134615384615384 0.09038461538461538 0.08557692307692308
3 0.6971153846153846 0.7423076923076923 0.07788461538461539 0.11538461538461539
3 0.7105769230769231 0.6403846153846153 0.06442307692307692 0.06538461538461539
3 0.7490384615384615 0.5778846153846153 0.09519230769230769 0.10576923076923077
3 0.7721153846153846 0.6605769230769231 0.0875 0.0375
3 0.8115384615384615 0.725 0.12980769230769232 0.10576923076923077
3 0.8625 0.5903846153846154 0.07788461538461539 0.0875
3 0.9019230769230769 0.7307692307692307 0.11730769230769231 0.11538461538461539
3 0.9307692307692308 0.551923076923077 0.07211538461538461 0.0798076923076923
3 0.9317307692307693 0.3682692307692308 0.07019230769230769 0.04807692307692308
3 0.9336538461538462 0.6336538461538461 0.05480769230769231 0.057692307692307696
3 0.9634615384615385 0.6971153846153846 0.07019230769230769 0.10288461538461538
3 0.9865384615384616 0.41057692307692306 0.023076923076923078 0.0798076923076923