1 0.7201923076923077 0.4519230769230769 0.25576923076923075 0.19807692307692307
3 0.4528846153846154 0.5596153846153846 0.12884615384615383 0.11538461538461539
3 0.9855769230769231 0.39807692307692305 0.028846153846153848 0.06153846153846154
3 0.5836538461538462 0.5230769230769231 0.11153846153846154 0.09038461538461538
3 0.5403846153846154 0.46153846153846156 0.08653846153846154 0.07692307692307693
3 0.4625 0.4346153846153846 0.07115384615384615 0.09230769230769231
3 0.41057692307692306 0.4846153846153846 0.09615384615384616 0.1
3 0.3125 0.510576923076923 0.09230769230769231 0.08653846153846154
3 0.29903846153846153 0.7384615384615385 0.08076923076923077 0.11730769230769231
3 0.2865384615384615 0.6365384615384615 0.06538461538461539 0.0673076923076923
3 0.25 0.573076923076923 0.09615384615384616 0.1076923076923077
3 0.225 0.6557692307692308 0.08846153846153847 0.038461538461538464
3 0.18461538461538463 0.7192307692307692 0.13076923076923078 0.1076923076923077
3 0.13557692307692307 0.5836538461538462 0.07884615384615384 0.08846153846153847
3 0.09423076923076923 0.7240384615384615 0.11923076923076924 0.11730769230769231
3 0.06826923076923076 0.5442307692307692 0.07307692307692308 0.08076923076923077
3 0.07019230769230769 0.3605769230769231 0.07115384615384615 0.05
3 0.06442307692307692 0.6259615384615385 0.05576923076923077 0.057692307692307696
3 0.03365384615384615 0.6884615384615385 0.0673076923076923 0.10384615384615385
3 0.015384615384615385 0.40192307692307694 0.025 0.08076923076923077