1 0.7182692307692308 0.4442307692307692 0.25576923076923075 0.19807692307692307
3 0.4548076923076923 0.5615384615384615 0.12884615384615383 0.11538461538461539
3 0.9836538461538461 0.3817307692307692 0.03076923076923077 0.06153846153846154
3 0.5836538461538462 0.5192307692307693 0.11153846153846154 0.09038461538461538
3 0.5384615384615384 0.4596153846153846 0.08653846153846154 0.07692307692307693
3 0.46057692307692305 0.43653846153846154 0.07115384615384615 0.09230769230769231
3 0.41057692307692306 0.48846153846153845 0.09615384615384616 0.1
3 0.3125 0.5163461538461539 0.09230769230769231 0.08653846153846154
3 0.30673076923076925 0.7461538461538462 0.08076923076923077 0.11730769230769231
3 0.2923076923076923 0.6442307692307693 0.06538461538461539 0.0673076923076923
3 0.2519230769230769 0.5826923076923077 0.09615384615384616 0.1076923076923077
3 0.23076923076923078 0.6653846153846154 0.08846153846153847 0.038461538461538464
3 0.19230769230769232 0.7307692307692307 0.13076923076923078 0.1076923076923077
3 0.13942307692307693 0.5971153846153846 0.07884615384615384 0.08846153846153847
3 0.10192307692307692 0.7375 0.11923076923076924 0.11730769230769231
3 0.07019230769230769 0.5596153846153846 0.07307692307692308 0.08076923076923077
3 0.06634615384615385 0.37596153846153846 0.07115384615384615 0.05
3 0.06826923076923076 0.6413461538461539 0.05576923076923077 0.057692307692307696
3 0.04038461538461539 0.7048076923076924 0.07115384615384615 0.10384615384615385
3 0.011538461538461539 0.41923076923076924 0.023076923076923078 0.08076923076923077