3 0.9423076923076923 0.5384615384615384 0.08846153846153847 0.10384615384615385
3 0.9711538461538461 0.9365384615384615 0.05576923076923077 0.051923076923076926
3 0.8980769230769231 0.10288461538461538 0.04807692307692308 0.06346153846153846
3 0.8932692307692308 0.057692307692307696 0.04038461538461539 0.05576923076923077
3 0.9173076923076923 0.41442307692307695 0.04038461538461539 0.05576923076923077
3 0.8288461538461539 0.3317307692307692 0.03653846153846154 0.057692307692307696
3 0.8067307692307693 0.29423076923076924 0.015384615384615385 0.04423076923076923
3 0.7990384615384616 0.27692307692307694 0.025 0.038461538461538464
3 0.7615384615384615 0.2230769230769231 0.03653846153846154 0.04038461538461539
3 0.5846153846153846 0.014423076923076924 0.023076923076923078 0.028846153846153848
3 0.5432692307692307 0.4528846153846154 0.08269230769230769 0.10961538461538461
3 0.3730769230769231 0.020192307692307693 0.04038461538461539 0.025
3 0.38653846153846155 0.45576923076923076 0.05961538461538462 0.06923076923076923
3 0.2721153846153846 0.16538461538461538 0.06153846153846154 0.09615384615384616
3 0.022115384615384617 0.15096153846153845 0.04423076923076923 0.08653846153846154