3 0.06923076923076923 0.6076923076923076 0.08653846153846154 0.10384615384615385
3 0.10288461538461538 0.989423076923077 0.05576923076923077 0.021153846153846155
3 0.04519230769230769 0.1701923076923077 0.046153846153846156 0.06346153846153846
3 0.04230769230769231 0.12403846153846154 0.038461538461538464 0.05384615384615385
3 0.075 0.4807692307692308 0.038461538461538464 0.05576923076923077
3 0.14903846153846154 0.38461538461538464 0.03653846153846154 0.057692307692307696
3 0.16538461538461538 0.3451923076923077 0.015384615384615385 0.04423076923076923
3 0.1701923076923077 0.3269230769230769 0.025 0.038461538461538464
3 0.19807692307692307 0.2673076923076923 0.03461538461538462 0.04038461538461539
3 0.33942307692307694 0.02980769230769231 0.023076923076923078 0.03653846153846154
3 0.45 0.46057692307692305 0.08076923076923077 0.1076923076923077
3 0.5490384615384616 0.008653846153846154 0.04038461538461539 0.01730769230769231
3 0.6057692307692307 0.43846153846153846 0.05961538461538462 0.0673076923076923
3 0.6730769230769231 0.1346153846153846 0.05961538461538462 0.09615384615384616
3 0.9278846153846154 0.0798076923076923 0.06346153846153846 0.08653846153846154