3 0.0625 0.5769230769230769 0.08076923076923077 0.09807692307692308
3 0.06826923076923076 0.9759615384615384 0.051923076923076926 0.04807692307692308
3 0.06923076923076923 0.13942307692307693 0.04230769230769231 0.06057692307692308
3 0.06923076923076923 0.09326923076923077 0.035576923076923075 0.051923076923076926
3 0.07692307692307693 0.45096153846153847 0.035576923076923075 0.052884615384615384
3 0.1576923076923077 0.3605769230769231 0.032692307692307694 0.05480769230769231
3 0.17692307692307693 0.32211538461538464 0.0125 0.04423076923076923
3 0.18269230769230768 0.3038461538461538 0.022115384615384617 0.0375
3 0.2153846153846154 0.24711538461538463 0.032692307692307694 0.0375
3 0.3721153846153846 0.020192307692307693 0.020192307692307693 0.035576923076923075
3 0.4528846153846154 0.4567307692307692 0.07307692307692308 0.10288461538461538
3 0.5846153846153846 0.010576923076923078 0.038461538461538464 0.021153846153846155
3 0.6096153846153847 0.4461538461538462 0.05480769230769231 0.06442307692307692
3 0.698076923076923 0.14711538461538462 0.052884615384615384 0.09230769230769231
3 0.9557692307692308 0.11057692307692307 0.057692307692307696 0.08269230769230769