2 0.27403846153846156 0.4980769230769231 0.04038461538461539 0.06153846153846154
2 0.35 0.3096153846153846 0.0673076923076923 0.07884615384615384
2 0.2528846153846154 0.675 0.01730769230769231 0.013461538461538462
2 0.47596153846153844 0.47884615384615387 0.3038461538461538 0.5884615384615385
2 0.5057692307692307 0.8278846153846153 0.18269230769230768 0.25384615384615383
2 0.6913461538461538 0.5115384615384615 0.25961538461538464 0.41923076923076924
2 0.6326923076923077 0.7875 0.009615384615384616 0.011538461538461539
2 0.6365384615384615 0.7990384615384616 0.015384615384615385 0.013461538461538462
2 0.6519230769230769 0.7903846153846154 0.015384615384615385 0.015384615384615385
2 0.6557692307692308 0.7778846153846154 0.011538461538461539 0.013461538461538462
2 0.7211538461538461 0.6855769230769231 0.04038461538461539 0.0673076923076923