2 0.2798076923076923 0.5490384615384616 0.027884615384615386 0.057692307692307696
2 0.3105769230769231 0.34807692307692306 0.052884615384615384 0.06923076923076923
2 0.2980769230769231 0.7259615384615384 0.014423076923076924 0.010576923076923078
2 0.4721153846153846 0.4846153846153846 0.18269230769230768 0.5625
2 0.5798076923076924 0.8182692307692307 0.1346153846153846 0.2298076923076923
2 0.6894230769230769 0.46826923076923077 0.17692307692307693 0.3894230769230769
2 0.6942307692307692 0.75 0.007692307692307693 0.010576923076923078
2 0.7 0.760576923076923 0.0125 0.010576923076923078
2 0.7134615384615385 0.7490384615384615 0.0125 0.0125
2 0.7144230769230769 0.7355769230769231 0.009615384615384616 0.0125
2 0.7567307692307692 0.6307692307692307 0.027884615384615386 0.0625