2 0.03365384615384615 0.7894230769230769 0.02980769230769231 0.035576923076923075
2 0.0625 0.7971153846153847 0.027884615384615386 0.035576923076923075
2 0.06923076923076923 0.325 0.03461538461538462 0.04230769230769231
2 0.08557692307692308 0.35192307692307695 0.02980769230769231 0.04519230769230769
2 0.12211538461538461 0.38076923076923075 0.032692307692307694 0.047115384615384615
2 0.24326923076923077 0.7769230769230769 0.0798076923076923 0.07788461538461539
2 0.23365384615384616 0.4951923076923077 0.020192307692307693 0.0375
2 0.27115384615384613 0.45865384615384613 0.01730769230769231 0.047115384615384615
2 0.2721153846153846 0.4403846153846154 0.01730769230769231 0.01730769230769231
2 0.28942307692307695 0.8730769230769231 0.025 0.04230769230769231
2 0.29423076923076924 0.42980769230769234 0.026923076923076925 0.051923076923076926
2 0.2971153846153846 0.9192307692307692 0.023076923076923078 0.032692307692307694
2 0.3 0.6173076923076923 0.026923076923076925 0.04230769230769231
2 0.3096153846153846 0.5076923076923077 0.022115384615384617 0.03942307692307692
2 0.3192307692307692 0.6336538461538461 0.027884615384615386 0.04230769230769231
2 0.31826923076923075 0.9201923076923076 0.023076923076923078 0.0375
2 0.3269230769230769 0.4548076923076923 0.032692307692307694 0.057692307692307696
2 0.3278846153846154 0.9346153846153846 0.020192307692307693 0.03461538461538462
2 0.34423076923076923 0.635576923076923 0.020192307692307693 0.035576923076923075
2 0.34807692307692306 0.5192307692307693 0.027884615384615386 0.03461538461538462
2 0.40865384615384615 0.24615384615384617 0.1375 0.1528846153846154
2 0.47115384615384615 0.11923076923076924 0.1596153846153846 0.23076923076923078
2 0.4576923076923077 0.8605769230769231 0.12211538461538461 0.1201923076923077
2 0.4875 0.47115384615384615 0.10961538461538461 0.12211538461538461
2 0.635576923076923 0.3125 0.035576923076923075 0.047115384615384615
2 0.6673076923076923 0.20961538461538462 0.035576923076923075 0.047115384615384615
2 0.6971153846153846 0.11538461538461539 0.0375 0.02980769230769231
2 0.7269230769230769 0.08557692307692308 0.03942307692307692 0.04807692307692308
2 0.725 0.1971153846153846 0.026923076923076925 0.032692307692307694
2 0.7557692307692307 0.10192307692307692 0.035576923076923075 0.04519230769230769
2 0.7692307692307693 0.19423076923076923 0.025 0.022115384615384617
2 0.7875 0.12788461538461537 0.032692307692307694 0.014423076923076924
2 0.8278846153846153 0.7634615384615384 0.026923076923076925 0.04038461538461539
2 0.8317307692307693 0.8 0.026923076923076925 0.04230769230769231
2 0.8442307692307692 0.7432692307692308 0.026923076923076925 0.04519230769230769
2 0.8615384615384616 0.6605769230769231 0.027884615384615386 0.04423076923076923
2 0.8692307692307693 0.6317307692307692 0.025 0.027884615384615386
2 0.8913461538461539 0.6336538461538461 0.019230769230769232 0.032692307692307694
2 0.9461538461538461 0.8269230769230769 0.025 0.04423076923076923
2 0.9557692307692308 0.9240384615384616 0.026923076923076925 0.035576923076923075
2 0.9730769230769231 0.9384615384615385 0.019230769230769232 0.027884615384615386
2 0.9865384615384616 0.8413461538461539 0.026923076923076925 0.04230769230769231
2 0.9865384615384616 0.9230769230769231 0.026923076923076925 0.0375