3 0.025961538461538463 0.40384615384615385 0.051923076923076926 0.16442307692307692
3 0.035576923076923075 0.7211538461538461 0.07115384615384615 0.16538461538461538
3 0.16442307692307692 0.575 0.07788461538461539 0.12211538461538461
3 0.2423076923076923 0.635576923076923 0.13942307692307693 0.1375
3 0.23076923076923078 0.7855769230769231 0.1076923076923077 0.1875
3 0.2519230769230769 0.5173076923076924 0.04038461538461539 0.04230769230769231
3 0.29423076923076924 0.11442307692307692 0.052884615384615384 0.07211538461538461
3 0.325 0.75 0.11442307692307692 0.19423076923076923
3 0.28942307692307695 0.8519230769230769 0.0375 0.06923076923076923
3 0.32884615384615384 0.2144230769230769 0.11442307692307692 0.18076923076923077
3 0.3471153846153846 0.9173076923076923 0.1423076923076923 0.16442307692307692
3 0.37115384615384617 0.42115384615384616 0.07692307692307693 0.10288461538461538
3 0.46442307692307694 0.3230769230769231 0.09807692307692308 0.1375
3 0.47692307692307695 0.4394230769230769 0.09807692307692308 0.0625
3 0.4826923076923077 0.8480769230769231 0.05480769230769231 0.07692307692307693
3 0.47307692307692306 0.5625 0.025 0.06057692307692308
3 0.5480769230769231 0.7057692307692308 0.1375 0.1605769230769231
3 0.5355769230769231 0.3423076923076923 0.08269230769230769 0.15
3 0.5692307692307692 0.22788461538461538 0.09038461538461538 0.18942307692307692
3 0.6230769230769231 0.35384615384615387 0.10192307692307692 0.1673076923076923
3 0.6509615384615385 0.20576923076923076 0.08269230769230769 0.1548076923076923
3 0.7009615384615384 0.8557692307692307 0.0875 0.09807692307692308
3 0.7288461538461538 0.5326923076923077 0.13076923076923078 0.19038461538461537
3 0.7317307692307692 0.6528846153846154 0.03461538461538462 0.052884615384615384
3 0.7326923076923076 0.3451923076923077 0.019230769230769232 0.057692307692307696
3 0.8076923076923077 0.46057692307692305 0.12211538461538461 0.19423076923076923