3 0.015384615384615385 0.32211538461538464 0.021153846153846155 0.04807692307692308
3 0.009615384615384616 0.5403846153846154 0.019230769230769232 0.04230769230769231
3 0.010576923076923078 0.6711538461538461 0.021153846153846155 0.04230769230769231
3 0.020192307692307693 0.3557692307692308 0.023076923076923078 0.021153846153846155
3 0.03173076923076923 0.25384615384615383 0.03653846153846154 0.04038461538461539
3 0.03173076923076923 0.12980769230769232 0.026923076923076925 0.04038461538461539
3 0.01826923076923077 0.875 0.032692307692307694 0.05
3 0.05384615384615385 0.08365384615384615 0.03653846153846154 0.03653846153846154
3 0.04230769230769231 0.6586538461538461 0.038461538461538464 0.05
3 0.058653846153846154 0.7288461538461538 0.04038461538461539 0.057692307692307696
3 0.07596153846153846 0.9586538461538462 0.03076923076923077 0.04230769230769231
3 0.12211538461538461 0.016346153846153847 0.032692307692307694 0.032692307692307694
3 0.12596153846153846 0.3038461538461538 0.025 0.028846153846153848
3 0.14423076923076922 0.6009615384615384 0.03461538461538462 0.038461538461538464
3 0.16153846153846155 0.45096153846153847 0.038461538461538464 0.04423076923076923
3 0.18653846153846154 0.09423076923076923 0.032692307692307694 0.046153846153846156
3 0.19230769230769232 0.19134615384615383 0.03653846153846154 0.04423076923076923
3 0.16634615384615384 0.9105769230769231 0.03076923076923077 0.046153846153846156
3 0.19230769230769232 0.25 0.026923076923076925 0.03653846153846154
3 0.16923076923076924 0.8682692307692308 0.021153846153846155 0.046153846153846156
3 0.22596153846153846 0.40384615384615385 0.04038461538461539 0.04807692307692308
3 0.2173076923076923 0.4548076923076923 0.025 0.025
3 0.2153846153846154 0.7298076923076923 0.019230769230769232 0.028846153846153848
3 0.22884615384615384 0.5461538461538461 0.023076923076923078 0.025
3 0.25384615384615383 0.020192307692307693 0.032692307692307694 0.03653846153846154
3 0.2375 0.6903846153846154 0.04038461538461539 0.05384615384615385
3 0.2403846153846154 0.7759615384615385 0.019230769230769232 0.04423076923076923
3 0.2721153846153846 0.06826923076923076 0.01730769230769231 0.03653846153846154
3 0.3057692307692308 0.10576923076923077 0.032692307692307694 0.04423076923076923
3 0.325 0.14134615384615384 0.028846153846153848 0.03461538461538462
3 0.32884615384615384 0.2230769230769231 0.028846153846153848 0.04230769230769231
3 0.32019230769230766 0.46442307692307694 0.023076923076923078 0.023076923076923078
3 0.3192307692307692 0.8105769230769231 0.032692307692307694 0.04230769230769231
3 0.35192307692307695 0.008653846153846154 0.03461538461538462 0.01730769230769231
3 0.36346153846153845 0.5875 0.09230769230769231 0.14038461538461539
3 0.35673076923076924 0.3903846153846154 0.03653846153846154 0.04038461538461539
3 0.4115384615384615 0.1201923076923077 0.032692307692307694 0.04230769230769231
3 0.4403846153846154 0.25576923076923075 0.028846153846153848 0.04038461538461539
3 0.43846153846153846 0.40865384615384615 0.03653846153846154 0.051923076923076926
3 0.4375 0.5653846153846154 0.03076923076923077 0.046153846153846156
3 0.4346153846153846 0.7701923076923077 0.03653846153846154 0.046153846153846156
3 0.44711538461538464 0.47115384615384615 0.032692307692307694 0.04807692307692308
3 0.4798076923076923 0.47596153846153844 0.03653846153846154 0.05384615384615385
3 0.5221153846153846 0.02403846153846154 0.026923076923076925 0.038461538461538464
3 0.525 0.19807692307692307 0.021153846153846155 0.04230769230769231
3 0.5673076923076923 0.26153846153846155 0.03076923076923077 0.04423076923076923
3 0.5451923076923076 0.8913461538461539 0.015384615384615385 0.03076923076923077
3 0.5865384615384616 0.21923076923076923 0.03461538461538462 0.04807692307692308
3 0.6057692307692307 0.46826923076923077 0.03653846153846154 0.04038461538461539
3 0.6278846153846154 0.07211538461538461 0.019230769230769232 0.021153846153846155
3 0.65 0.026923076923076925 0.028846153846153848 0.032692307692307694
3 0.6240384615384615 0.9663461538461539 0.03076923076923077 0.028846153846153848
3 0.6576923076923077 0.10576923076923077 0.03653846153846154 0.05576923076923077
3 0.6471153846153846 0.6846153846153846 0.032692307692307694 0.05
3 0.6913461538461538 0.1673076923076923 0.04230769230769231 0.04807692307692308
3 0.6855769230769231 0.2644230769230769 0.03653846153846154 0.04807692307692308
3 0.6701923076923076 0.7884615384615384 0.032692307692307694 0.046153846153846156
3 0.6990384615384615 0.6115384615384616 0.032692307692307694 0.046153846153846156
3 0.7096153846153846 0.6576923076923077 0.019230769230769232 0.025
3 0.7365384615384616 0.6471153846153846 0.03461538461538462 0.04038461538461539
3 0.7557692307692307 0.2375 0.03461538461538462 0.05
3 0.7596153846153846 0.0625 0.019230769230769232 0.023076923076923078
3 0.7961538461538461 0.13076923076923078 0.03653846153846154 0.04230769230769231
3 0.7769230769230769 0.8625 0.03653846153846154 0.05384615384615385
3 0.7942307692307692 0.35865384615384616 0.032692307692307694 0.04230769230769231
3 0.8 0.5038461538461538 0.03653846153846154 0.046153846153846156
3 0.8048076923076923 0.2221153846153846 0.019230769230769232 0.028846153846153848
3 0.7951923076923076 0.7432692307692308 0.028846153846153848 0.04038461538461539
3 0.8105769230769231 0.29615384615384616 0.011538461538461539 0.03461538461538462
3 0.8278846153846153 0.3721153846153846 0.03461538461538462 0.03653846153846154
3 0.8375 0.5615384615384615 0.025 0.04423076923076923
3 0.8519230769230769 0.2567307692307692 0.028846153846153848 0.038461538461538464
3 0.8298076923076924 0.9788461538461538 0.03653846153846154 0.04230769230769231
3 0.8375 0.9307692307692308 0.028846153846153848 0.04038461538461539
3 0.9336538461538462 0.5596153846153846 0.03076923076923077 0.04423076923076923
3 0.9557692307692308 0.04326923076923077 0.03461538461538462 0.04423076923076923
3 0.9384615384615385 0.9673076923076923 0.046153846153846156 0.05576923076923077
3 0.9663461538461539 0.3490384615384615 0.028846153846153848 0.03461538461538462
3 0.9711538461538461 0.08653846153846154 0.015384615384615385 0.023076923076923078
3 0.9663461538461539 0.5182692307692308 0.03461538461538462 0.03653846153846154
3 0.9721153846153846 0.7807692307692308 0.03461538461538462 0.04807692307692308
3 0.989423076923077 0.5375 0.019230769230769232 0.015384615384615385