3 0.009615384615384616 0.33942307692307694 0.019230769230769232 0.04807692307692308
3 0.010576923076923078 0.5586538461538462 0.020192307692307693 0.04230769230769231
3 0.013461538461538462 0.6884615384615385 0.026923076923076925 0.04230769230769231
3 0.015384615384615385 0.3730769230769231 0.022115384615384617 0.020192307692307693
3 0.023076923076923078 0.2701923076923077 0.03461538461538462 0.03942307692307692
3 0.019230769230769232 0.14615384615384616 0.025 0.03942307692307692
3 0.03173076923076923 0.8913461538461539 0.03076923076923077 0.04807692307692308
3 0.03942307692307692 0.09903846153846153 0.035576923076923075 0.03461538461538462
3 0.04807692307692308 0.675 0.0375 0.04807692307692308
3 0.0673076923076923 0.7442307692307693 0.03942307692307692 0.05576923076923077
3 0.09230769230769231 0.9730769230769231 0.02980769230769231 0.04038461538461539
3 0.10576923076923077 0.026923076923076925 0.03076923076923077 0.03942307692307692
3 0.11923076923076924 0.3173076923076923 0.025 0.027884615384615386
3 0.14807692307692308 0.6134615384615385 0.032692307692307694 0.0375
3 0.1596153846153846 0.4625 0.0375 0.04230769230769231
3 0.17211538461538461 0.10576923076923077 0.03076923076923077 0.04423076923076923
3 0.18173076923076922 0.20192307692307693 0.035576923076923075 0.04230769230769231
3 0.18076923076923077 0.9221153846153847 0.02980769230769231 0.04519230769230769
3 0.18365384615384617 0.2605769230769231 0.025 0.035576923076923075
3 0.18269230769230768 0.8798076923076923 0.019230769230769232 0.04519230769230769
3 0.2230769230769231 0.41346153846153844 0.03942307692307692 0.047115384615384615
3 0.21634615384615385 0.46442307692307694 0.025 0.025
3 0.22403846153846155 0.739423076923077 0.019230769230769232 0.027884615384615386
3 0.23076923076923078 0.5557692307692308 0.022115384615384617 0.025
3 0.2375 0.028846153846153848 0.03076923076923077 0.035576923076923075
3 0.24423076923076922 0.6990384615384615 0.03942307692307692 0.052884615384615384
3 0.25 0.7846153846153846 0.01730769230769231 0.04423076923076923
3 0.2567307692307692 0.07692307692307693 0.015384615384615385 0.035576923076923075
3 0.2923076923076923 0.1125 0.03076923076923077 0.04230769230769231
3 0.3125 0.14807692307692308 0.027884615384615386 0.03461538461538462
3 0.3192307692307692 0.22884615384615384 0.026923076923076925 0.04230769230769231
3 0.3192307692307692 0.47115384615384615 0.022115384615384617 0.023076923076923078
3 0.3298076923076923 0.8163461538461538 0.03076923076923077 0.04038461538461539
3 0.3346153846153846 0.011538461538461539 0.03461538461538462 0.023076923076923078
3 0.3663461538461538 0.5923076923076923 0.0875 0.1375
3 0.3528846153846154 0.3951923076923077 0.03461538461538462 0.03942307692307692
3 0.39807692307692305 0.12307692307692308 0.03076923076923077 0.04038461538461539
3 0.43173076923076925 0.25769230769230766 0.027884615384615386 0.04038461538461539
3 0.4355769230769231 0.41057692307692306 0.03461538461538462 0.05
3 0.4394230769230769 0.5673076923076923 0.02980769230769231 0.04423076923076923
3 0.4442307692307692 0.7721153846153846 0.035576923076923075 0.04423076923076923
3 0.4461538461538462 0.47307692307692306 0.03076923076923077 0.047115384615384615
3 0.47884615384615387 0.47692307692307695 0.03461538461538462 0.051923076923076926
3 0.5057692307692307 0.023076923076923078 0.025 0.0375
3 0.5144230769230769 0.1971153846153846 0.020192307692307693 0.04230769230769231
3 0.5586538461538462 0.25961538461538464 0.02980769230769231 0.04230769230769231
3 0.5586538461538462 0.8894230769230769 0.014423076923076924 0.03076923076923077
3 0.5769230769230769 0.21634615384615385 0.032692307692307694 0.047115384615384615
3 0.6048076923076923 0.46442307692307694 0.03461538461538462 0.03942307692307692
3 0.6125 0.06826923076923076 0.019230769230769232 0.020192307692307693
3 0.6336538461538461 0.022115384615384617 0.026923076923076925 0.032692307692307694
3 0.6403846153846153 0.9615384615384616 0.03076923076923077 0.027884615384615386
3 0.6442307692307693 0.10096153846153846 0.035576923076923075 0.05480769230769231
3 0.6538461538461539 0.6798076923076923 0.03076923076923077 0.04807692307692308
3 0.6798076923076923 0.1605769230769231 0.04038461538461539 0.047115384615384615
3 0.676923076923077 0.25769230769230766 0.03461538461538462 0.047115384615384615
3 0.6798076923076923 0.7826923076923077 0.03076923076923077 0.04423076923076923
3 0.7028846153846153 0.6048076923076923 0.03076923076923077 0.04423076923076923
3 0.7153846153846154 0.65 0.019230769230769232 0.025
3 0.7413461538461539 0.6384615384615384 0.032692307692307694 0.03942307692307692
3 0.7461538461538462 0.22884615384615384 0.032692307692307694 0.04807692307692308
3 0.7442307692307693 0.05384615384615385 0.019230769230769232 0.023076923076923078
3 0.7826923076923077 0.1201923076923077 0.035576923076923075 0.04038461538461539
3 0.7894230769230769 0.8528846153846154 0.03461538461538462 0.051923076923076926
3 0.7894230769230769 0.34807692307692306 0.03076923076923077 0.04038461538461539
3 0.8 0.4932692307692308 0.03461538461538462 0.04519230769230769
3 0.7951923076923076 0.21153846153846154 0.019230769230769232 0.027884615384615386
3 0.8038461538461539 0.7326923076923076 0.027884615384615386 0.03942307692307692
3 0.8028846153846154 0.28557692307692306 0.010576923076923078 0.03461538461538462
3 0.823076923076923 0.3605769230769231 0.032692307692307694 0.03461538461538462
3 0.8394230769230769 0.55 0.023076923076923078 0.04423076923076923
3 0.8432692307692308 0.24423076923076922 0.027884615384615386 0.0375
3 0.8461538461538461 0.9721153846153846 0.03461538461538462 0.04807692307692308
3 0.8519230769230769 0.9182692307692307 0.026923076923076925 0.03942307692307692
3 0.9355769230769231 0.5442307692307692 0.02980769230769231 0.04230769230769231
3 0.9394230769230769 0.027884615384615386 0.032692307692307694 0.04230769230769231
3 0.9548076923076924 0.9519230769230769 0.04423076923076923 0.05480769230769231
3 0.9605769230769231 0.3326923076923077 0.026923076923076925 0.03461538461538462
3 0.9567307692307693 0.07019230769230769 0.015384615384615385 0.022115384615384617
3 0.9663461538461539 0.5019230769230769 0.032692307692307694 0.03461538461538462
3 0.9817307692307692 0.7644230769230769 0.032692307692307694 0.047115384615384615
3 0.9903846153846154 0.5201923076923077 0.019230769230769232 0.015384615384615385