2 0.1875 0.7442307692307693 0.023076923076923078 0.03076923076923077
2 0.40673076923076923 0.8173076923076923 0.009615384615384616 0.032692307692307694
2 0.43653846153846154 0.8192307692307692 0.032692307692307694 0.05576923076923077
2 0.6971153846153846 0.22692307692307692 0.19423076923076923 0.45384615384615384
2 0.6971153846153846 0.6951923076923077 0.020192307692307693 0.04038461538461539
2 0.7192307692307692 0.7317307692307692 0.014423076923076924 0.02980769230769231
2 0.7307692307692307 0.6778846153846154 0.022115384615384617 0.025
2 0.7567307692307692 0.7528846153846154 0.023076923076923078 0.03076923076923077
2 0.8653846153846154 0.7125 0.015384615384615385 0.04519230769230769
2 0.9038461538461539 0.3730769230769231 0.027884615384615386 0.03076923076923077
2 0.9278846153846154 0.6884615384615385 0.04230769230769231 0.10480769230769231
2 0.9663461538461539 0.3548076923076923 0.04230769230769231 0.022115384615384617