3 0.9653846153846154 0.013461538461538462 0.019230769230769232 0.026923076923076925
3 0.9528846153846153 0.1451923076923077 0.05961538461538462 0.08461538461538462
3 0.9509615384615384 0.3019230769230769 0.05576923076923077 0.06923076923076923
3 0.9567307692307693 0.5903846153846154 0.028846153846153848 0.03076923076923077
3 0.95 0.4115384615384615 0.021153846153846155 0.05576923076923077
3 0.9096153846153846 0.46923076923076923 0.04230769230769231 0.023076923076923078
3 0.8798076923076923 0.01826923076923077 0.03653846153846154 0.03653846153846154
3 0.8817307692307692 0.5528846153846154 0.046153846153846156 0.0673076923076923
3 0.8615384615384616 0.4807692307692308 0.05 0.0673076923076923
3 0.8317307692307693 0.11730769230769231 0.03653846153846154 0.046153846153846156
3 0.8182692307692307 0.2221153846153846 0.046153846153846156 0.057692307692307696
3 0.8480769230769231 0.5615384615384615 0.023076923076923078 0.05
3 0.8336538461538462 0.6230769230769231 0.051923076923076926 0.06538461538461539
3 0.7826923076923077 0.6442307692307693 0.06923076923076923 0.09423076923076923
3 0.7009615384615384 0.37115384615384617 0.13846153846153847 0.13653846153846153
3 0.7182692307692308 0.13076923076923078 0.051923076923076926 0.075
3 0.7028846153846153 0.025961538461538463 0.05576923076923077 0.051923076923076926
3 0.7019230769230769 0.09038461538461538 0.03653846153846154 0.04423076923076923
3 0.6807692307692308 0.6913461538461538 0.038461538461538464 0.05961538461538462
3 0.6576923076923077 0.5528846153846154 0.057692307692307696 0.075
3 0.6326923076923077 0.7798076923076923 0.06153846153846154 0.07307692307692308
3 0.5394230769230769 0.18461538461538463 0.16923076923076924 0.16346153846153846
3 0.5942307692307692 0.9682692307692308 0.04230769230769231 0.04807692307692308
3 0.5548076923076923 0.9259615384615385 0.051923076923076926 0.08269230769230769
3 0.5076923076923077 0.01826923076923077 0.026923076923076925 0.03653846153846154
3 0.5201923076923077 0.9259615384615385 0.038461538461538464 0.075
3 0.4701923076923077 0.027884615384615386 0.04038461538461539 0.04807692307692308
3 0.49230769230769234 0.5817307692307693 0.028846153846153848 0.05576923076923077
3 0.40673076923076923 0.475 0.04230769230769231 0.057692307692307696
3 0.3798076923076923 0.21634615384615385 0.04423076923076923 0.06538461538461539
3 0.3317307692307692 0.11826923076923077 0.046153846153846156 0.06153846153846154
3 0.3625 0.7326923076923076 0.04807692307692308 0.05961538461538462
3 0.3 0.14807692307692308 0.038461538461538464 0.05576923076923077
3 0.30865384615384617 0.4153846153846154 0.025 0.05384615384615385
3 0.275 0.18365384615384617 0.046153846153846156 0.06923076923076923
3 0.2865384615384615 0.5153846153846153 0.046153846153846156 0.057692307692307696
3 0.27692307692307694 0.4548076923076923 0.03653846153846154 0.028846153846153848
3 0.28365384615384615 0.864423076923077 0.0673076923076923 0.08269230769230769
3 0.22788461538461538 0.028846153846153848 0.03653846153846154 0.032692307692307694
3 0.22788461538461538 0.1519230769230769 0.04230769230769231 0.04230769230769231
3 0.2173076923076923 0.6730769230769231 0.04230769230769231 0.05384615384615385
3 0.18557692307692308 0.25576923076923075 0.04038461538461539 0.05961538461538462
3 0.20384615384615384 0.8144230769230769 0.04423076923076923 0.05384615384615385
3 0.1596153846153846 0.09903846153846153 0.04230769230769231 0.05961538461538462
3 0.15384615384615385 0.3211538461538462 0.051923076923076926 0.06923076923076923
3 0.14326923076923076 0.5759615384615384 0.032692307692307694 0.04807692307692308
3 0.125 0.42403846153846153 0.032692307692307694 0.06153846153846154
3 0.05673076923076923 0.18365384615384617 0.11346153846153846 0.14807692307692308
3 0.10865384615384616 0.9 0.06153846153846154 0.08269230769230769
3 0.08365384615384615 0.4230769230769231 0.04807692307692308 0.0673076923076923
3 0.019230769230769232 0.41442307692307695 0.03076923076923077 0.06923076923076923