3 0.008653846153846154 0.03076923076923077 0.01730769230769231 0.04230769230769231
3 0.028846153846153848 0.16923076923076924 0.05576923076923077 0.08269230769230769
3 0.03942307692307692 0.32596153846153847 0.051923076923076926 0.0673076923076923
3 0.04903846153846154 0.614423076923077 0.026923076923076925 0.02980769230769231
3 0.046153846153846156 0.4355769230769231 0.019230769230769232 0.05480769230769231
3 0.08942307692307692 0.49038461538461536 0.04038461538461539 0.020192307692307693
3 0.09519230769230769 0.02980769230769231 0.03461538461538462 0.051923076923076926
3 0.12115384615384615 0.573076923076923 0.04230769230769231 0.06538461538461539
3 0.1375 0.5 0.047115384615384615 0.06538461538461539
3 0.14903846153846154 0.13557692307692307 0.03461538461538462 0.04519230769230769
3 0.1673076923076923 0.23942307692307693 0.04423076923076923 0.05480769230769231
3 0.15576923076923077 0.5798076923076924 0.020192307692307693 0.04807692307692308
3 0.17307692307692307 0.6403846153846153 0.04807692307692308 0.0625
3 0.225 0.6586538461538461 0.06442307692307692 0.09038461538461538
3 0.2923076923076923 0.3817307692307692 0.1326923076923077 0.12980769230769232
3 0.2625 0.1423076923076923 0.04807692307692308 0.07211538461538461
3 0.27115384615384613 0.03173076923076923 0.051923076923076926 0.0625
3 0.27692307692307694 0.10192307692307692 0.03461538461538462 0.04230769230769231
3 0.3298076923076923 0.7009615384615384 0.035576923076923075 0.057692307692307696
3 0.3451923076923077 0.5615384615384615 0.05480769230769231 0.07307692307692308
3 0.3817307692307692 0.7865384615384615 0.057692307692307696 0.07019230769230769
3 0.4442307692307692 0.1875 0.1605769230769231 0.1548076923076923
3 0.4307692307692308 0.9721153846153846 0.04038461538461539 0.04519230769230769
3 0.4673076923076923 0.9278846153846154 0.047115384615384615 0.08076923076923077
3 0.46634615384615385 0.019230769230769232 0.025 0.0375
3 0.5019230769230769 0.926923076923077 0.035576923076923075 0.07307692307692308
3 0.5048076923076923 0.026923076923076925 0.0375 0.047115384615384615
3 0.5115384615384615 0.5807692307692308 0.026923076923076925 0.05480769230769231
3 0.5923076923076923 0.4701923076923077 0.04038461538461539 0.05480769230769231
3 0.6048076923076923 0.21057692307692308 0.04038461538461539 0.0625
3 0.6480769230769231 0.10961538461538461 0.04230769230769231 0.05961538461538462
3 0.6490384615384616 0.725 0.04423076923076923 0.057692307692307696
3 0.6817307692307693 0.13846153846153847 0.035576923076923075 0.05480769230769231
3 0.6865384615384615 0.40576923076923077 0.023076923076923078 0.052884615384615384
3 0.7076923076923077 0.17211538461538461 0.04230769230769231 0.0673076923076923
3 0.7144230769230769 0.5038461538461538 0.04423076923076923 0.05576923076923077
3 0.7201923076923077 0.44326923076923075 0.03461538461538462 0.026923076923076925
3 0.7355769230769231 0.8528846153846154 0.0625 0.0798076923076923
3 0.7471153846153846 0.015384615384615385 0.035576923076923075 0.03076923076923077
3 0.7538461538461538 0.13846153846153847 0.03942307692307692 0.04038461538461539
3 0.7913461538461538 0.6576923076923077 0.04038461538461539 0.051923076923076926
3 0.8009615384615385 0.23942307692307693 0.0375 0.057692307692307696
3 0.8125 0.7980769230769231 0.04230769230769231 0.051923076923076926
3 0.8192307692307692 0.08173076923076923 0.03942307692307692 0.057692307692307696
3 0.8365384615384616 0.30288461538461536 0.04807692307692308 0.0673076923076923
3 0.8403846153846154 0.9942307692307693 0.03076923076923077 0.009615384615384616
3 0.8605769230769231 0.5567307692307693 0.02980769230769231 0.047115384615384615
3 0.8701923076923077 0.4048076923076923 0.02980769230769231 0.05961538461538462
3 0.9355769230769231 0.16153846153846155 0.12692307692307692 0.1423076923076923
3 0.9115384615384615 0.8788461538461538 0.057692307692307696 0.0798076923076923
3 0.9115384615384615 0.4009615384615385 0.04519230769230769 0.06442307692307692
3 0.9759615384615384 0.3894230769230769 0.027884615384615386 0.0673076923076923