2 0.06538461538461539 0.6855769230769231 0.13076923076923078 0.2201923076923077
2 0.2144230769230769 0.9317307692307693 0.12211538461538461 0.1326923076923077
2 0.23557692307692307 0.5692307692307692 0.13076923076923078 0.08557692307692308
2 0.28076923076923077 0.4528846153846154 0.1346153846153846 0.17692307692307693
2 0.3211538461538462 0.8701923076923077 0.08461538461538462 0.11730769230769231
2 0.41057692307692306 0.8980769230769231 0.2153846153846154 0.20288461538461539
2 0.3682692307692308 0.20865384615384616 0.11442307692307692 0.14807692307692308
2 0.40192307692307694 0.4096153846153846 0.1605769230769231 0.1701923076923077
2 0.4346153846153846 0.7307692307692307 0.15576923076923077 0.1326923076923077
2 0.43365384615384617 0.5230769230769231 0.13942307692307693 0.05961538461538462
2 0.4807692307692308 0.23173076923076924 0.14807692307692308 0.20192307692307693
2 0.5288461538461539 0.8903846153846153 0.11923076923076924 0.19230769230769232
2 0.5490384615384616 0.5413461538461538 0.075 0.09038461538461538
2 0.5798076923076924 0.1548076923076923 0.12980769230769232 0.125
2 0.6096153846153847 0.7423076923076923 0.14038461538461539 0.1423076923076923
2 0.6269230769230769 0.9759615384615384 0.1605769230769231 0.04519230769230769
2 0.6913461538461538 0.41346153846153844 0.1451923076923077 0.13942307692307693
2 0.7413461538461539 0.1625 0.16442307692307692 0.20192307692307693
2 0.7288461538461538 0.31634615384615383 0.1326923076923077 0.10192307692307692
2 0.760576923076923 0.7355769230769231 0.1625 0.19423076923076923
2 0.7990384615384616 0.8990384615384616 0.19230769230769232 0.1971153846153846
2 0.8605769230769231 0.2644230769230769 0.13557692307692307 0.1673076923076923
2 0.8596153846153847 0.3730769230769231 0.12307692307692308 0.035576923076923075
2 0.9144230769230769 0.7490384615384615 0.1701923076923077 0.2230769230769231
2 0.9692307692307692 0.5625 0.06057692307692308 0.15